6.9999999999999996e-01
6.9999761581894593e-01
6.9999046333262693e-01
6.9997854271157123e-01
6.9996185423998791e-01
6.9994039831576049e-01
6.9991417545043699e-01
6.9988318626921808e-01
6.9984743151094175e-01
6.9980691202806644e-01
6.9976162878664971e-01
6.9971158286632629e-01
6.9965677546028127e-01
6.9959720787522262e-01
6.9953288153134929e-01
6.9946379796231783e-01
6.9938995881520571e-01
6.9931136585047182e-01
6.9922802094191472e-01
6.9913992607662789e-01
6.9904708335495247e-01
6.9894949499042702e-01
6.9884716330973484e-01
6.9874009075264842e-01
6.9862827987197151e-01
6.9851173333347794e-01
6.9839045391584809e-01
6.9826444451060277e-01
6.9813370812203457e-01
6.9799824786713560e-01
6.9785806697552366e-01
6.9771316878936485e-01
6.9756355676329440e-01
6.9740923446433389e-01
6.9725020557180617e-01
6.9708647387724820e-01
6.9691804328431994e-01
6.9674491780871162e-01
6.9656710157804813e-01
6.9638459883179027e-01
6.9619741392113388e-01
6.9600555130890618e-01
6.9580901556945940e-01
6.9560781138856109e-01
6.9540194356328344e-01
6.9519141700188813e-01
6.9497623672370945e-01
6.9475640785903492e-01
6.9453193564898252e-01
6.9430282544537636e-01
6.9406908271061840e-01
6.9383071301755861e-01
6.9358772204936214e-01
6.9334011559937359e-01
6.9308789957097894e-01
6.9283107997746507e-01
6.9256966294187594e-01
6.9230365469686717e-01
6.9203306158455680e-01
6.9175789005637456e-01
6.9147814667290786e-01
6.9119383810374568e-01
6.9090497112731875e-01
6.9061155263073892e-01
6.9031358960963440e-01
6.9001108916798315e-01
6.8970405851794336e-01
6.8939250497968152e-01
6.8907643598119817e-01
6.8875585905815040e-01
6.8843078185367257e-01
6.8810121211819375e-01
6.8776715770925312e-01
6.8742862659131265e-01
6.8708562683556706e-01
6.8673816661975151e-01
6.8638625422794686e-01
6.8602989805038139e-01
6.8566910658323166e-01
6.8530388842841972e-01
6.8493425229340721e-01
6.8456020699098918e-01
6.8418176143908260e-01
6.8379892466051484e-01
6.8341170578280774e-01
6.8302011403796037e-01
6.8262415876222904e-01
6.8222384939590430e-01
6.8181919548308623e-01
6.8141020667145680e-01
6.8099689271204977e-01
6.8057926345901831e-01
6.8015732886939984e-01
6.7973109900287898e-01
6.7930058402154747e-01
6.7886579418966186e-01
6.7842673987339885e-01
6.7798343154060858e-01
6.7753587976056395e-01
6.7708409520371005e-01
6.7662808864140844e-01
6.7616787094568132e-01
6.7570345308895174e-01
6.7523484614378226e-01
6.7476206128261085e-01
6.7428510977748479e-01
6.7380400299979126e-01
6.7331875241998695e-01
6.7282936960732442e-01
6.7233586622957575e-01
6.7183825405275510e-01
6.7133654494083772e-01
6.7083075085547705e-01
6.7032088385572008e-01
6.6980695609771912e-01
6.6928897983444224e-01
6.6876696741538166e-01
6.6824093128625839e-01
6.6771088398872624e-01
6.6717683816007234e-01
6.6663880653291629e-01
6.6609680193490617e-01
6.6555083728841291e-01
6.6500092561022206e-01
6.6444708001122388e-01
6.6388931369610016e-01
6.6332763996300947e-01
6.6276207220327088e-01
6.6219262390104361e-01
6.6161930863300611e-01
6.6104214006803252e-01
6.6046113196686640e-01
6.5987629818179272e-01
6.5928765265630784e-01
6.5869520942478688e-01
6.5809898261214905e-01
6.5749898643352123e-01
6.5689523519389847e-01
6.5628774328780337e-01
6.5567652519894315e-01
6.5506159549986331e-01
6.5444296885160158e-01
6.5382066000333716e-01
6.5319468379203960e-01
6.5256505514211527e-01
6.5193178906505111e-01
6.5129490065905693e-01
6.5065440510870554e-01
6.5001031768457040e-01
6.4936265374286184e-01
6.4871142872506082e-01
6.4805665815755109e-01
6.4739835765124820e-01
6.4673654290122817e-01
6.4607122968635289e-01
6.4540243386889395e-01
6.4473017139415456e-01
6.4405445829008934e-01
6.4337531066692200e-01
6.4269274471676152e-01
6.4200677671321593e-01
6.4131742301100447e-01
6.4062470004556760e-01
6.3992862433267472e-01
6.3922921246803144e-01
6.3852648112688271e-01
6.3782044706361607e-01
6.3711112711136186e-01
6.3639853818159209e-01
6.3568269726371707e-01
6.3496362142468010e-01
6.3424132780855125e-01
6.3351583363611819e-01
6.3278715620447523e-01
6.3205531288661188e-01
6.3132032113099779e-01
6.3058219846116714e-01
6.2984096247530086e-01
6.2909663084580680e-01
6.2834922131889859e-01
6.2759875171417279e-01
6.2684523992418328e-01
6.2608870391401550e-01
6.2532916172085784e-01
6.2456663145357105e-01
6.2380113129225756e-01
6.2303267948782692e-01
6.2226129436156175e-01
6.2148699430467991e-01
6.2070979777789681e-01
6.1992972331098450e-01
6.1914678950233093e-01
6.1836101501849550e-01
6.1757241859376455e-01
6.1678101902970472e-01
6.1598683519471442e-01
6.1518988602357427e-01
6.1439019051699528e-01
6.1358776774116630e-01
6.1278263682729905e-01
6.1197481697117229e-01
6.1116432743267401e-01
6.1035118753534223e-01
6.0953541666590416e-01
6.0871703427381463e-01
6.0789605987079121e-01
6.0707251303035037e-01
6.0624641338733976e-01
6.0541778063747054e-01
6.0458663453684769e-01
6.0375299490149914e-01
6.0291688160690315e-01
6.0207831458751437e-01
6.0123731383628898e-01
6.0039389940420740e-01
5.9954809139979681e-01
5.9869990998865141e-01
5.9784937539295169e-01
5.9699650789098224e-01
5.9614132781664853e-01
5.9528385555899199e-01
5.9442411156170361e-01
5.9356211632263689e-01
5.9269789039331899e-01
5.9183145437846085e-01
5.9096282893546570e-01
5.9009203477393690e-01
5.8921909265518368e-01
5.8834402339172687e-01
5.8746684784680192e-01
5.8658758693386193e-01
5.8570626161607919e-01
5.8482289290584488e-01
5.8393750186426829e-01
5.8305010960067505e-01
5.8216073727210338e-01
5.8126940608279976e-01
5.8037613728371351e-01
5.7948095217199014e-01
5.7858387209046358e-01
5.7768491842714698e-01
5.7678411261472340e-01
5.7588147613003438e-01
5.7497703049356785e-01
5.7407079726894550e-01
5.7316279806240800e-01
5.7225305452230046e-01
5.7134158833855597e-01
5.7042842124217874e-01
5.6951357500472555e-01
5.6859707143778704e-01
5.6767893239246769e-01
5.6675917975886470e-01
5.6583783546554600e-01
5.6491492147902767e-01
5.6399045980325024e-01
5.6306447247905378e-01
5.6213698158365255e-01
5.6120800923010883e-01
5.6027757756680563e-01
5.5934570877691803e-01
5.5841242507788547e-01
5.5747774872088107e-01
5.5654170199028119e-01
5.5560430720313492e-01
5.5466558670863098e-01
5.5372556288756569e-01
5.5278425815180887e-01
5.5184169494376967e-01
5.5089789573586145e-01
5.4995288302996626e-01
5.4900667935689784e-01
5.4805930727586505e-01
5.4711078937393332e-01
5.4616114826548701e-01
5.4521040659168940e-01
5.4425858701994345e-01
5.4330571224335089e-01
5.4235180498017166e-01
5.4139688797328211e-01
5.4044098398963247e-01
5.3948411581970446e-01
5.3852630627696774e-01
5.3756757819733592e-01
5.3660795443862230e-01
5.3564745787999468e-01
5.3468611142142997e-01
5.3372393798316831e-01
5.3276096050516664e-01
5.3179720194655145e-01
5.3083268528507177e-01
5.2986743351655108e-01
5.2890146965433904e-01
5.2793481672876330e-01
5.2696749778657948e-01
5.2599953589042281e-01
5.2503095411825718e-01
5.2406177556282585e-01
5.2309202333110028e-01
5.2212172054372952e-01
5.2115089033448858e-01
5.2017955584972764e-01
5.1920774024781924e-01
5.1823546669860698e-01
5.1726275838285263e-01
5.1628963849168341e-01
5.1531613022603961e-01
5.1434225679612067e-01
5.1336804142083248e-01
5.1239350732723343e-01
5.1141867774998073e-01
5.1044357593077649e-01
5.0946822511781364e-01
5.0849264856522125e-01
5.0751686953251085e-01
5.0654091128402112e-01
5.0556479708836388e-01
5.0458855021786875e-01
5.0361219394802859e-01
5.0263575155694473e-01
5.0165924632477166e-01
5.0068270153316208e-01
4.9970614046471185e-01
4.9872958640240500e-01
4.9775306262905844e-01
4.9677659242676697e-01
4.9580019907634815e-01
4.9482390585678726e-01
4.9384773604468230e-01
4.9287171291368892e-01
4.9189585973396577e-01
4.9092019977161944e-01
4.8994475628814987e-01
4.8896955253989582e-01
4.8799461177748032e-01
4.8701995724525632e-01
4.8604561218075243e-01
4.8507159981411913e-01
4.8409794336757478e-01
4.8312466605485183e-01
4.8215179108064365e-01
4.8117934164005099e-01
4.8020734091802919e-01
4.7923581208883537e-01
4.7826477831547570e-01
4.7729426274915349e-01
4.7632428852871705e-01
4.7535487878010790e-01
4.7438605661580963e-01
4.7341784513429669e-01
4.7245026741948387e-01
4.7148334654017565e-01
4.7051710554951648e-01
4.6955156748444099e-01
4.6858675536512484e-01
4.6762269219443570e-01
4.6665940095738506e-01
4.6569690462058011e-01
4.6473522613167617e-01
4.6377438841882956e-01
4.6281441439015103e-01
4.6185532693315939e-01
4.6089714891423617e-01
4.5993990317808015e-01
4.5898361254716280e-01
4.5802829982118415e-01
4.5707398777652924e-01
4.5612069916572501e-01
4.5516845671689793e-01
4.5421728313323206e-01
4.5326720109242780e-01
4.5231823324616105e-01
4.5137040221954355e-01
4.5042373061058300e-01
4.4947824098964451e-01
4.4853395589891260e-01
4.4759089785185335e-01
4.4664908933267816e-01
4.4570855279580723e-01
4.4476931066533459e-01
4.4383138533449307e-01
4.4289479916512070e-01
4.4195957448712758e-01
4.4102573359796321e-01
4.4009329876208514e-01
4.3916229221042818e-01
4.3823273613987401e-01
4.3730465271272245e-01
4.3637806405616264e-01
4.3545299226174589e-01
4.3452945938485854e-01
4.3360748744419658e-01
4.3268709842124031e-01
4.3176831425973039e-01
4.3085115686514475e-01
4.2993564810417628e-01
4.2902180980421134e-01
4.2810966375280957e-01
4.2719923169718427e-01
4.2629053534368411e-01
4.2538359635727535e-01
4.2447843636102545e-01
4.2357507693558755e-01
4.2267353961868598e-01
4.2177384590460254e-01
4.2087601724366441e-01
4.1998007504173240e-01
4.1908604065969068e-01
4.1819393541293770e-01
4.1730378057087764e-01
4.1641559735641365e-01
4.1552940694544160e-01
4.1464523046634549e-01
4.1376308899949332e-01
4.1288300357673480e-01
4.1200499518089995e-01
4.1112908474529847e-01
4.1025529315322107e-01
4.0938364123744136e-01
4.0851414977971912e-01
4.0764683951030500e-01
4.0678173110744614e-01
4.0591884519689314e-01
4.0505820235140838e-01
4.0419982309027552e-01
4.0334372787881034e-01
4.0248993712787268e-01
4.0163847119337975e-01
4.0078935037582120e-01
3.9994259491977457e-01
3.9909822501342301e-01
3.9825626078807397e-01
3.9741672231767888e-01
3.9657962961835491e-01
3.9574500264790768e-01
3.9491286130535525e-01
3.9408322543045377e-01
3.9325611480322470e-01
3.9243154914348288e-01
3.9160954811036652e-01
3.9079013130186852e-01
3.8997331825436921e-01
3.8915912844217049e-01
3.8834758127703162e-01
3.8753869610770630e-01
3.8673249221948158e-01
3.8592898883371779e-01
3.8512820510739043e-01
3.8433016013263332e-01
3.8353487293628363e-01
3.8274236247942794e-01
3.8195264765695053e-01
3.8116574729708247e-01
3.8038168016095308e-01
3.7960046494214250e-01
3.7882212026623602e-01
3.7804666469037979e-01
3.7727411670283884e-01
3.7650449472255593e-01
3.7573781709871246e-01
3.7497410211029103e-01
3.7421336796563986e-01
3.7345563280203814e-01
3.7270091468526412e-01
3.7194923160916427e-01
3.7120060149522394e-01
3.7045504219214043e-01
3.6971257147539760e-01
3.6897320704684144e-01
3.6823696653425864e-01
3.6750386749095593e-01
3.6677392739534187e-01
3.6604716365051004e-01
3.6532359358382371e-01
3.6460323444650355e-01
3.6388610341321548e-01
3.6317221758166185e-01
3.6246159397217326e-01
3.6175424952730334e-01
3.6105020111142416e-01
3.6034946551032482e-01
3.5965205943081063e-01
3.5895799950030527e-01
3.5826730226645415e-01
3.5757998419672976e-01
3.5689606167803939e-01
3.5621555101633406e-01
3.5553846843622017e-01
3.5486483008057224e-01
3.5419465201014821e-01
3.5352795020320688e-01
3.5286474055512629e-01
3.5220503887802523e-01
3.5154886090038606e-01
3.5089622226667994e-01
3.5024713853699330e-01
3.4960162518665772e-01
3.4895969760587997e-01
3.4832137109937600e-01
3.4768666088600531e-01
3.4705558209840859e-01
3.4642814978264669e-01
3.4580437889784210e-01
3.4518428431582204e-01
3.4456788082076406e-01
3.4395518310884343e-01
3.4334620578788300e-01
3.4274096337700466e-01
3.4213947030628322e-01
3.4154174091640266e-01
3.4094778945831383e-01
3.4035763009289477e-01
3.3977127689061326e-01
3.3918874383119130e-01
3.3861004480327173e-01
3.3803519360408718e-01
3.3746420393913090e-01
3.3689708942183050e-01
3.3633386357322259e-01
3.3577453982163141e-01
3.3521913150234772e-01
3.3466765185731145e-01
3.3412011403479591e-01
3.3357653108909402e-01
3.3303691598020735e-01
3.3250128157353731e-01
3.3196964063957768e-01
3.3144200585361105e-01
3.3091838979540600e-01
3.3039880494891738e-01
3.2988326370198856e-01
3.2937177834605641e-01
3.2886436107585781e-01
3.2836102398913924e-01
3.2786177908636804e-01
3.2736663827044671e-01
3.2687561334642878e-01
3.2638871602123731e-01
3.2590595790338628e-01
3.2542735050270311e-01
3.2495290523005493e-01
3.2448263339707584e-01
3.2401654621589798e-01
3.2355465479888351e-01
3.2309697015836014e-01
3.2264350320635826e-01
3.2219426475435109e-01
3.2174926551299676e-01
3.2130851609188277e-01
3.2087202699927331e-01
3.2043980864185873e-01
3.2001187132450715e-01
3.1958822525001906e-01
3.1916888051888381e-01
3.1875384712903909e-01
3.1834313497563232e-01
3.1793675385078490e-01
3.1753471344335860e-01
3.1713702333872462e-01
3.1674369301853511e-01
3.1635473186049712e-01
3.1597014913814869e-01
3.1558995402063839e-01
3.1521415557250609e-01
3.1484276275346723e-01
3.1447578441819907e-01
3.1411322931612951e-01
3.1375510609122859e-01
3.1340142328180243e-01
3.1305218932028955e-01
3.1270741253305989e-01
3.1236710114021632e-01
3.1203126325539854e-01
3.1169990688558979e-01
3.1137303993092580e-01
3.1105067018450672e-01
3.1073280533221093e-01
3.1041945295251189e-01
3.1011062051629779e-01
3.0980631538669301e-01
3.0950654481888284e-01
3.0921131595994034e-01
3.0892063584865592e-01
3.0863451141536996e-01
3.0835294948180680e-01
3.0807595676091282e-01
3.0780353985669595e-01
3.0753570526406837e-01
3.0727245936869169e-01
3.0701380844682480e-01
3.0675975866517380e-01
3.0651031608074558e-01
3.0626548664070297e-01
3.0602527618222303e-01
3.0578969043235804e-01
3.0555873500789876e-01
3.0533241541524081e-01
3.0511073705025288e-01
3.0489370519814862e-01
3.0468132503336032e-01
3.0447360161941561e-01
3.0427053990881681e-01
3.0407214474292277e-01
3.0387842085183336e-01
3.0368937285427700e-01
3.0350500525750013e-01
3.0332532245716004e-01
3.0315032873722014e-01
3.0298002826984749e-01
3.0281442511531353e-01
3.0265352322189731e-01
3.0249732642579136e-01
3.0234583845101004e-01
3.0219906290930088e-01
3.0205700330005869e-01
3.0191966301024165e-01
3.0178704531429090e-01
3.0165915337405252e-01
3.0153599023870187e-01
3.0141755884467109e-01
3.0130386201557902e-01
3.0119490246216396e-01
3.0109068278221895e-01
3.0099120546052976e-01
3.0089647286881593e-01
3.0080648726567394e-01
3.0072125079652356e-01
3.0064076549355639e-01
3.0056503327568784e-01
3.0049405594851120e-01
3.0042783520425431e-01
3.0036637262173971e-01
3.0030966966634665e-01
3.0025772768997616e-01
3.0021054793101898e-01
3.0016813151432620e-01
3.0013047945118176e-01
3.0009759263927904e-01
3.0006947186269939e-01
3.0004611779189277e-01
3.0002753098366264e-01
3.0001371188115222e-01
3.0000466081383381e-01
3.0000037799750134e-01
3.0000086353426481e-01
3.0000611741254818e-01
3.0001613950708950e-01
3.0003092957894395e-01
3.0005048727548933e-01
3.0007481213043480e-01
3.0010390356383176e-01
3.0013776088208777e-01
3.0017638327798302e-01
3.0021976983068976e-01
3.0026791950579401e-01
3.0032083115532027e-01
3.0037850351775897e-01
3.0044093521809673e-01
3.0050812476784872e-01
3.0058007056509428e-01
3.0065677089451559e-01
3.0073822392743771e-01
3.0082442772187301e-01
3.0091538022256681e-01
3.0101107926104698e-01
3.0111152255567508e-01
3.0121670771170117e-01
3.0132663222132061e-01
3.0144129346373416e-01
3.0156068870521008e-01
3.0168481509914974e-01
3.0181366968615514e-01
3.0194724939409967e-01
3.0208555103820112e-01
3.0222857132109804e-01
3.0237630683292793e-01
3.0252875405140855e-01
3.0268590934192241e-01
3.0284776895760268e-01
3.0301432903942316e-01
3.0318558561628994e-01
3.0336153460513604e-01
3.0354217181101917e-01
3.0372749292722123e-01
3.0391749353535119e-01
3.0411216910545069e-01
3.0431151499610154e-01
3.0451552645453689e-01
3.0472419861675415e-01
3.0493752650763117e-01
3.0515550504104477e-01
3.0537812901999206e-01
3.0560539313671442e-01
3.0583729197282361e-01
3.0607381999943173e-01
3.0631497157728227e-01
3.0656074095688512e-01
3.0681112227865315e-01
3.0706610957304231e-01
3.0732569676069399e-01
3.0758987765257950e-01
3.0785864595014817e-01
3.0813199524547707e-01
3.0840991902142423e-01
3.0869241065178349e-01
3.0897946340144300e-01
3.0927107042654545e-01
3.0956722477465148e-01
3.0986791938490510e-01
3.1017314708820254e-01
3.1048290060736256e-01
3.1079717255730055e-01
3.1111595544520415e-01
3.1143924167071224e-01
3.1176702352609575e-01
3.1209929319644192e-01
3.1243604275984016e-01
3.1277726418757112e-01
3.1312294934429830e-01
3.1347308998826151e-01
3.1382767777147402e-01
3.1418670423992107e-01
3.1455016083376153e-01
3.1491803888753223e-01
3.1529032963035419e-01
3.1566702418614218e-01
3.1604811357381590e-01
3.1643358870751442e-01
3.1682344039681259e-01
3.1721765934694035e-01
3.1761623615900414e-01
3.1801916133021102e-01
3.1842642525409559e-01
3.1883801822074842e-01
3.1925393041704808e-01
3.1967415192689463e-01
3.2009867273144654e-01
3.2052748270935916e-01
3.2096057163702635e-01
3.2139792918882382e-01
3.2183954493735578e-01
3.2228540835370323e-01
3.2273550880767499e-01
3.2318983556806136e-01
3.2364837780288969e-01
3.2411112457968305e-01
3.2457806486572044e-01
3.2504918752829992e-01
3.2552448133500433e-01
3.2600393495396873e-01
3.2648753695415078e-01
3.2697527580560315e-01
3.2746713987974868e-01
3.2796311744965723e-01
3.2846319669032553e-01
3.2896736567895912e-01
3.2947561239525647e-01
3.2998792472169564e-01
3.3050429044382323e-01
3.3102469725054551e-01
3.3154913273442199e-01
3.3207758439196122e-01
3.3261003962391900e-01
3.3314648573559835e-01
3.3368690993715289e-01
3.3423129934389118e-01
3.3477964097658408e-01
3.3533192176177418e-01
3.3588812853208783e-01
3.3644824802654849e-01
3.3701226689089325e-01
3.3758017167789134e-01
3.3815194884766425e-01
3.3872758476800913e-01
3.3930706571472341e-01
3.3989037787193216e-01
3.4047750733241744e-01
3.4106844009794984e-01
3.4166316207962238e-01
3.4226165909818618e-01
3.4286391688438883e-01
3.4346992107931418e-01
3.4407965723472511e-01
3.4469311081340770e-01
3.4531026718951791e-01
3.4593111164893037e-01
3.4655562938958911e-01
3.4718380552186046e-01
3.4781562506888819e-01
3.4845107296695021e-01
3.4909013406581824e-01
3.4973279312911854e-01
3.5037903483469551e-01
3.5102884377497690e-01
3.5168220445734105e-01
3.5233910130448631e-01
3.5299951865480256e-01
3.5366344076274442e-01
3.5433085179920676e-01
3.5500173585190220e-01
3.5567607692574010e-01
3.5635385894320848e-01
3.5703506574475685e-01
3.5771968108918162e-01
3.5840768865401362e-01
3.5909907203590663e-01
3.5979381475102928e-01
3.6049190023545719e-01
3.6119331184556869e-01
3.6189803285844080e-01
3.6260604647224892e-01
3.6331733580666636e-01
3.6403188390326779e-01
3.6474967372593270e-01
3.6547068816125228e-01
3.6619491001893684e-01
3.6692232203222608e-01
3.6765290685830065e-01
3.6838664707869556e-01
3.6912352519971536e-01
3.6986352365285169e-01
3.7060662479520146e-01
3.7135281090988803e-01
3.7210206420648351e-01
3.7285436682143275e-01
3.7360970081847933e-01
3.7436804818909308e-01
3.7512939085289987e-01
3.7589371065811195e-01
3.7666098938196146e-01
3.7743120873113445e-01
3.7820435034220701e-01
3.7898039578208342e-01
3.7975932654843531e-01
3.8054112407014284e-01
3.8132576970773779e-01
3.8211324475384739e-01
3.8290353043364084e-01
3.8369660790527665e-01
3.8449245826035200e-01
3.8529106252435358e-01
3.8609240165710973e-01
3.8689645655324473e-01
3.8770320804263408e-01
3.8851263689086157e-01
3.8932472379967803e-01
3.9013944940746120e-01
3.9095679428967745e-01
3.9177673895934501e-01
3.9259926386749844e-01
3.9342434940365462e-01
3.9425197589628058e-01
3.9508212361326223e-01
3.9591477276237508e-01
3.9674990349175582e-01
3.9758749589037579e-01
3.9842752998851572e-01
3.9926998575824180e-01
4.0011484311388323e-01
4.0096208191251098e-01
4.0181168195441808e-01
4.0266362298360137e-01
4.0351788468824418e-01
4.0437444670120082e-01
4.0523328860048202e-01
4.0609438990974200e-01
4.0695773009876646e-01
4.0782328858396216e-01
4.0869104472884776e-01
4.0956097784454554e-01
4.1043306719027506e-01
4.1130729197384736e-01
4.1218363135216074e-01
4.1306206443169780e-01
4.1394257026902342e-01
4.1482512787128439e-01
4.1570971619670943e-01
4.1659631415511134e-01
4.1748490060838955e-01
4.1837545437103418e-01
4.1926795421063123e-01
4.2016237884836849e-01
4.2105870695954328e-01
4.2195691717407058e-01
4.2285698807699268e-01
4.2375889820898949e-01
4.2466262606689065e-01
4.2556815010418780e-01
4.2647544873154830e-01
4.2738450031733027e-01
4.2829528318809795e-01
4.2920777562913881e-01
4.3012195588498081e-01
4.3103780215991155e-01
4.3195529261849769e-01
4.3287440538610550e-01
4.3379511854942254e-01
4.3471741015697996e-01
4.3564125821967603e-01
4.3656664071130030e-01
4.3749353556905868e-01
4.3842192069409958e-01
4.3935177395204073e-01
4.4028307317349691e-01
4.4121579615460865e-01
4.4214992065757119e-01
4.4308542441116522e-01
4.4402228511128738e-01
4.4496048042148251e-01
4.4589998797347563e-01
4.4684078536770572e-01
4.4778285017385955e-01
4.4872615993140658e-01
4.4967069215013417e-01
4.5061642431068416e-01
4.5156333386508957e-01
4.5251139823731218e-01
4.5346059482378087e-01
4.5441090099393044e-01
4.5536229409074119e-01
4.5631475143127925e-01
4.5726825030723711e-01
4.5822276798547523e-01
4.5917828170856390e-01
4.6013476869532605e-01
4.6109220614138013e-01
4.6205057121968396e-01
4.6300984108107884e-01
4.6396999285483459e-01
4.6493100364919443e-01
4.6589285055192114e-01
4.6685551063084307e-01
4.6781896093440101e-01
4.6878317849219536e-01
4.6974814031553380e-01
4.7071382339797929e-01
4.7168020471589883e-01
4.7264726122901207e-01
4.7361496988094087e-01
4.7458330759975886e-01
4.7555225129854162e-01
4.7652177787591710e-01
4.7749186421661627e-01
4.7846248719202439e-01
4.7943362366073239e-01
4.8040525046908866e-01
4.8137734445175073e-01
4.8234988243223825e-01
4.8332284122348479e-01
4.8429619762839121e-01
4.8526992844037858e-01
4.8624401044394133e-01
4.8721842041520086e-01
4.8819313512245927e-01
4.8916813132675313e-01
4.9014338578240774e-01
4.9111887523759107e-01
4.9209457643486842e-01
4.9307046611175659e-01
4.9404652100127894e-01
4.9502271783251955e-01
4.9599903333117867e-01
4.9697544422012707e-01
4.9795192721996134e-01
4.9892845904955879e-01
4.9990501642663260e-01
5.0088157606828676e-01
5.0185811469157127e-01
5.0283460901403743e-01
5.0381103575429242e-01
5.0478737163255505e-01
5.0576359337121024e-01
5.0673967769536421e-01
5.0771560133339944e-01
5.0869134101752955e-01
5.0966687348435369e-01
5.1064217547541180e-01
5.1161722373773844e-01
5.1259199502441766e-01
5.1356646609513723e-01
5.1454061371674242e-01
5.1551441466379022e-01
5.1648784571910300e-01
5.1746088367432197e-01
5.1843350533046040e-01
5.1940568749845717e-01
5.2037740699972923e-01
5.2134864066672426e-01
5.2231936534347323e-01
5.2328955788614229e-01
5.2425919516358466e-01
5.2522825405789197e-01
5.2619671146494584e-01
5.2716454429496817e-01
5.2813172947307208e-01
5.2909824393981164e-01
5.3006406465173206e-01
5.3102916858191906e-01
5.3199353272054750e-01
5.3295713407543022e-01
5.3391994967256640e-01
5.3488195655668891e-01
5.3584313179181187e-01
5.3680345246177752e-01
5.3776289567080238e-01
5.3872143854402310e-01
5.3967905822804219e-01
5.4063573189147263e-01
5.4159143672548216e-01
5.4254614994433703e-01
5.4349984878594582e-01
5.4445251051240129e-01
5.4540411241052300e-01
5.4635463179239896e-01
5.4730404599592597e-01
5.4825233238535054e-01
5.4919946835180822e-01
5.5014543131386273e-01
5.5109019871804443e-01
5.5203374803938776e-01
5.5297605678196871e-01
5.5391710247944059e-01
5.5485686269557022e-01
5.5579531502477275e-01
5.5673243709264519e-01
5.5766820655650118e-01
5.5860260110590210e-01
5.5953559846319023e-01
5.6046717638401944e-01
5.6139731265788539e-01
5.6232598510865528e-01
5.6325317159509636e-01
5.6417885001140422e-01
5.6510299828772936e-01
5.6602559439070366e-01
5.6694661632396570e-01
5.6786604212868497e-01
5.6878384988408570e-01
5.6970001770796930e-01
5.7061452375723598e-01
5.7152734622840573e-01
5.7243846335813831e-01
5.7334785342375161e-01
5.7425549474374005e-01
5.7516136567829124e-01
5.7606544462980191e-01
5.7696771004339298e-01
5.7786814040742351e-01
5.7876671425400328e-01
5.7966341015950484e-01
5.8055820674507441e-01
5.8145108267714118e-01
5.8234201666792651e-01
5.8323098747595092e-01
5.8411797390654074e-01
5.8500295481233366e-01
5.8588590909378258e-01
5.8676681569965872e-01
5.8764565362755383e-01
5.8852240192438032e-01
5.8939703968687152e-01
5.9026954606207971e-01
5.9113990024787300e-01
5.9200808149343187e-01
5.9287406909974372e-01
5.9373784242009586e-01
5.9459938086056852e-01
5.9545866388052537e-01
5.9631567099310356e-01
5.9717038176570181e-01
5.9802277582046792e-01
5.9887283283478421e-01
5.9972053254175239e-01
6.0056585473067670e-01
6.0140877924754577e-01
6.0224928599551275e-01
6.0308735493537513e-01
6.0392296608605200e-01
6.0475609952506060e-01
6.0558673538899144e-01
6.0641485387398142e-01
6.0724043523618665e-01
6.0806345979225263e-01
6.0888390791978397e-01
6.0970176005781174e-01
6.1051699670726012e-01
6.1132959843141166e-01
6.1213954585636965e-01
6.1294681967152131e-01
6.1375140062999722e-01
6.1455326954913048e-01
6.1535240731091445e-01
6.1614879486245777e-01
6.1694241321643961e-01
6.1773324345156122e-01
6.1852126671299823e-01
6.1930646421284918e-01
6.2008881723058407e-01
6.2086830711349050e-01
6.2164491527711840e-01
6.2241862320572294e-01
6.2318941245270643e-01
6.2395726464105761e-01
6.2472216146379012e-01
6.2548408468437866e-01
6.2624301613719435e-01
6.2699893772793724e-01
6.2775183143406799e-01
6.2850167930523737e-01
6.2924846346371466e-01
6.2999216610481334e-01
6.3073276949731594e-01
6.3147025598389672e-01
6.3220460798154265e-01
6.3293580798197246e-01
6.3366383855205433e-01
6.3438868233422130e-01
6.3511032204688522e-01
6.3582874048484883e-01
6.3654392051971576e-01
6.3725584510029920e-01
6.3796449725302817e-01
6.3866986008235238e-01
6.3937191677114469e-01
6.4007065058110268e-01
6.4076604485314714e-01
6.4145808300781981e-01
6.4214674854567788e-01
6.4283202504768810e-01
6.4351389617561805e-01
6.4419234567242545e-01
6.4486735736264578e-01
6.4553891515277850e-01
6.4620700303166978e-01
6.4687160507089503e-01
6.4753270542513841e-01
6.4819028833257053e-01
6.4884433811522424e-01
6.4949483917936846e-01
6.5014177601588030e-01
6.5078513320061404e-01
6.5142489539476967e-01
6.5206104734525816e-01
6.5269357388506521e-01
6.5332245993361293e-01
6.5394769049711932e-01
6.5456925066895555e-01
6.5518712563000214e-01
6.5580130064900100e-01
6.5641176108290777e-01
6.5701849237724042e-01
6.5762148006642651e-01
6.5822070977414771e-01
6.5881616721368286e-01
6.5940783818824855e-01
6.5999570859133738e-01
6.6057976440705468e-01
6.6115999171045237e-01
6.6173637666786089e-01
6.6230890553721933e-01
6.6287756466840297e-01
6.6344234050354844e-01
6.6400321957737729e-01
6.6456018851751697e-01
6.6511323404481937e-01
6.6566234297367799e-01
6.6620750221234171e-01
6.6674869876322718e-01
6.6728591972322882e-01
6.6781915228402644e-01
6.6834838373239003e-01
6.6887360145048391e-01
6.6939479291616677e-01
6.6991194570329027e-01
6.7042504748199572e-01
6.7093408601900772e-01
6.7143904917792585e-01
6.7193992491951438e-01
6.7243670130198840e-01
6.7292936648129986e-01
6.7341790871141871e-01
6.7390231634461362e-01
6.7438257783172972e-01
6.7485868172246355e-01
6.7533061666563643e-01
6.7579837140946475e-01
6.7626193480182850e-01
6.7672129579053730e-01
6.7717644342359318e-01
6.7762736684945279e-01
6.7807405531728515e-01
6.7851649817722848e-01
6.7895468488064381e-01
6.7938860498036679e-01
6.7981824813095670e-01
6.8024360408894302e-01
6.8066466271306936e-01
6.8108141396453592e-01
6.8149384790723833e-01
6.8190195470800463e-01
6.8230572463682981e-01
6.8270514806710769e-01
6.8310021547586064e-01
6.8349091744396617e-01
6.8387724465638211e-01
6.8425918790236817e-01
6.8463673807570591e-01
6.8500988617491554e-01
6.8537862330347088e-01
6.8574294067001118e-01
6.8610282958855073e-01
6.8645828147868604e-01
6.8680928786580075e-01
6.8715584038126676e-01
6.8749793076264498e-01
6.8783555085388104e-01
6.8816869260550095e-01
6.8849734807480201e-01
6.8882150942604292e-01
6.8914116893063004e-01
6.8945631896730208e-01
6.8976695202231153e-01
6.9007306068960406e-01
6.9037463767099472e-01
6.9067167577634225e-01
6.9096416792372040e-01
6.9125210713958696e-01
6.9153548655894959e-01
6.9181429942552974e-01
6.9208853909192414e-01
6.9235819901976237e-01
6.9262327277986369e-01
6.9288375405238956e-01
6.9313963662699507e-01
6.9339091440297618e-01
6.9363758138941578e-01
6.9387963170532641e-01
6.9411705957979009e-01
6.9434985935209670e-01
6.9457802547187786e-01
6.9480155249924047e-01
6.9502043510489542e-01
6.9523466807028489e-01
6.9544424628770729e-01
6.9564916476043848e-01
6.9584941860285099e-01
6.9604500304053074e-01
6.9623591341039048e-01
6.9642214516078138e-01
6.9660369385160137e-01
6.9678055515440107e-01
6.9695272485248649e-01
6.9712019884102072e-01
6.9728297312712029e-01
6.9744104382995176e-01
6.9759440718082322e-01
6.9774305952327476e-01
6.9788699731316550e-01
6.9802621711875767e-01
6.9816071562079940e-01
6.9829048961260254e-01
6.9841553600012041e-01
6.9853585180202060e-01
6.9865143414975672e-01
6.9876228028763610e-01
6.9886838757288616e-01
6.9896975347571721e-01
6.9906637557938267e-01
6.9915825158023648e-01
6.9924537928778840e-01
6.9932775662475644e-01
6.9940538162711541e-01
6.9947825244414485e-01
6.9954636733847253e-01
6.9960972468611604e-01
6.9966832297652148e-01
6.9972216081259964e-01
6.9977123691075882e-01
6.9981555010093621e-01
6.9985509932662493e-01
6.9988988364489990e-01
6.9991990222644007e-01
6.9994515435554794e-01
6.9996563943016721e-01
6.9998135696189656e-01
6.9999230657600153e-01
6.9999848801142361e-01
