-5.0000000000000000e-01
-4.9902344138050608e-01
-4.9804690604393781e-01
-4.9707041727266554e-01
-4.9609399834794965e-01
-4.9511767254938510e-01
-4.9414146315434665e-01
-4.9316539343743371e-01
-4.9218948666991558e-01
-4.9121376611917644e-01
-4.9023825504816088e-01
-4.8926297671481900e-01
-4.8828795437155209e-01
-4.8731321126465810e-01
-4.8633877063377745e-01
-4.8536465571133913e-01
-4.8439088972200656e-01
-4.8341749588212390e-01
-4.8244449739916273e-01
-4.8147191747116852e-01
-4.8049977928620763e-01
-4.7952810602181450e-01
-4.7855692084443907e-01
-4.7758624690889423e-01
-4.7661610735780408e-01
-4.7564652532105200e-01
-4.7467752391522927e-01
-4.7370912624308370e-01
-4.7274135539296924e-01
-4.7177423443829514e-01
-4.7080778643697585e-01
-4.6984203443088163e-01
-4.6887700144528877e-01
-4.6791271048833094e-01
-4.6694918455045042e-01
-4.6598644660385002e-01
-4.6502451960194557e-01
-4.6406342647881832e-01
-4.6310319014866841e-01
-4.6214383350526855e-01
-4.6118537942141802e-01
-4.6022785074839756e-01
-4.5927127031542436e-01
-4.5831566092910786e-01
-4.5736104537290601e-01
-4.5640744640658204e-01
-4.5545488676566181e-01
-4.5450338916089184e-01
-4.5355297627769769e-01
-4.5260367077564334e-01
-4.5165549528789073e-01
-4.5070847242066009e-01
-4.4976262475269124e-01
-4.4881797483470515e-01
-4.4787454518886610e-01
-4.4693235830824501e-01
-4.4599143665628299e-01
-4.4505180266625577e-01
-4.4411347874073892e-01
-4.4317648725107378e-01
-4.4224085053683382e-01
-4.4130659090529234e-01
-4.4037373063089047e-01
-4.3944229195470613e-01
-4.3851229708392381e-01
-4.3758376819130501e-01
-4.3665672741465966e-01
-4.3573119685631828e-01
-4.3480719858260514e-01
-4.3388475462331205e-01
-4.3296388697117305e-01
-4.3204461758134027e-01
-4.3112696837086029e-01
-4.3021096121815183e-01
-4.2929661796248381e-01
-4.2838396040345494e-01
-4.2747301030047374e-01
-4.2656378937224010e-01
-4.2565631929622705e-01
-4.2475062170816424e-01
-4.2384671820152198e-01
-4.2294463032699636e-01
-4.2204437959199570e-01
-4.2114598746012732e-01
-4.2024947535068630e-01
-4.1935486463814453e-01
-4.1846217665164104e-01
-4.1757143267447377e-01
-4.1668265394359177e-01
-4.1579586164908922e-01
-4.1491107693370000e-01
-4.1402832089229358e-01
-4.1314761457137233e-01
-4.1226897896856946e-01
-4.1139243503214862e-01
-4.1051800366050417e-01
-4.0964570570166325e-01
-4.0877556195278852e-01
-4.0790759315968239e-01
-4.0704182001629241e-01
-4.0617826316421779e-01
-4.0531694319221739e-01
-4.0445788063571886e-01
-4.0360109597632882e-01
-4.0274660964134490e-01
-4.0189444200326829e-01
-4.0104461337931846e-01
-4.0019714403094842e-01
-3.9935205416336178e-01
-3.9850936392503111e-01
-3.9766909340721740e-01
-3.9683126264349111e-01
-3.9599589160925458e-01
-3.9516300022126583e-01
-3.9433260833716338e-01
-3.9350473575499328e-01
-3.9267940221273684e-01
-3.9185662738783994e-01
-3.9103643089674406e-01
-3.9021883229441862e-01
-3.8940385107389452e-01
-3.8859150666579967e-01
-3.8778181843789550e-01
-3.8697480569461534e-01
-3.8617048767660417e-01
-3.8536888356025972e-01
-3.8457001245727551e-01
-3.8377389341418500e-01
-3.8298054541190757e-01
-3.8218998736529602e-01
-3.8140223812268548e-01
-3.8061731646544422e-01
-3.7983524110752559e-01
-3.7905603069502214e-01
-3.7827970380572090e-01
-3.7750627894866051e-01
-3.7673577456368978e-01
-3.7596820902102845e-01
-3.7520360062082858e-01
-3.7444196759273884e-01
-3.7368332809546967e-01
-3.7292770021636018e-01
-3.7217510197094711e-01
-3.7142555130253518e-01
-3.7067906608176948e-01
-3.6993566410620926e-01
-3.6919536309990347e-01
-3.6845818071296854e-01
-3.6772413452116715e-01
-3.6699324202548966e-01
-3.6626552065173640e-01
-3.6554098775010258e-01
-3.6481966059476423e-01
-3.6410155638346686e-01
-3.6338669223711495e-01
-3.6267508519936403e-01
-3.6196675223621433e-01
-3.6126171023560616e-01
-3.6055997600701722e-01
-3.5986156628106214e-01
-3.5916649770909326e-01
-3.5847478686280376e-01
-3.5778645023383260e-01
-3.5710150423337134e-01
-3.5641996519177266e-01
-3.5574184935816133e-01
-3.5506717290004652e-01
-3.5439595190293655e-01
-3.5372820236995528e-01
-3.5306394022146054e-01
-3.5240318129466464e-01
-3.5174594134325671e-01
-3.5109223603702716e-01
-3.5044208096149410e-01
-3.4979549161753154e-01
-3.4915248342100025e-01
-3.4851307170237966e-01
-3.4787727170640304e-01
-3.4724509859169328e-01
-3.4661656743040214e-01
-3.4599169320785028e-01
-3.4537049082217075e-01
-3.4475297508395297e-01
-3.4413916071589024e-01
-3.4352906235242853e-01
-3.4292269453941726e-01
-3.4232007173376300e-01
-3.4172120830308456e-01
-3.4112611852537034e-01
-3.4053481658863816e-01
-3.3994731659059663e-01
-3.3936363253830953e-01
-3.3878377834786139e-01
-3.3820776784402595e-01
-3.3763561475993653e-01
-3.3706733273675860e-01
-3.3650293532336439e-01
-3.3594243597601015e-01
-3.3538584805801519e-01
-3.3483318483944308e-01
-3.3428445949678565e-01
-3.3373968511264862e-01
-3.3319887467543946e-01
-3.3266204107905828e-01
-3.3212919712259004e-01
-3.3160035550999922e-01
-3.3107552884982749e-01
-3.3055472965489263e-01
-3.3003797034199034e-01
-3.2952526323159825e-01
-3.2901662054758218e-01
-3.2851205441690456e-01
-3.2801157686933563e-01
-3.2751519983716615e-01
-3.2702293515492326e-01
-3.2653479455908829e-01
-3.2605078968781687e-01
-3.2557093208066140e-01
-3.2509523317829603e-01
-3.2462370432224397e-01
-3.2415635675460669e-01
-3.2369320161779647e-01
-3.2323424995427030e-01
-3.2277951270626687e-01
-3.2232900071554538e-01
-3.2188272472312740e-01
-3.2144069536904063e-01
-3.2100292319206508e-01
-3.2056941862948218e-01
-3.2014019201682548e-01
-3.1971525358763464e-01
-3.1929461347321109e-01
-3.1887828170237675e-01
-3.1846626820123497e-01
-3.1805858279293342e-01
-3.1765523519743044e-01
-3.1725623503126299e-01
-3.1686159180731732e-01
-3.1647131493460262e-01
-3.1608541371802601e-01
-3.1570389735817117e-01
-3.1532677495107886e-01
-3.1495405548803013e-01
-3.1458574785533178e-01
-3.1422186083410464e-01
-3.1386240310007407e-01
-3.1350738322336325e-01
-3.1315680966828896e-01
-3.1281069079315926e-01
-3.1246903485007493e-01
-3.1213184998473226e-01
-3.1179914423622884e-01
-3.1147092553687217e-01
-3.1114720171199023e-01
-3.1082798047974514e-01
-3.1051326945094909e-01
-3.1020307612888276e-01
-3.0989740790911657e-01
-3.0959627207933427e-01
-3.0929967581915929e-01
-3.0900762619998345e-01
-3.0872013018479855e-01
-3.0843719462802999e-01
-3.0815882627537372e-01
-3.0788503176363535e-01
-3.0761581762057166e-01
-3.0735119026473529e-01
-3.0709115600532155e-01
-3.0683572104201789e-01
-3.0658489146485640e-01
-3.0633867325406833e-01
-3.0609707227994154e-01
-3.0586009430268080e-01
-3.0562774497227008e-01
-3.0540002982833803e-01
-3.0517695430002612e-01
-3.0495852370585863e-01
-3.0474474325361661e-01
-3.0453561804021301e-01
-3.0433115305157149e-01
-3.0413135316250767e-01
-3.0393622313661262e-01
-3.0374576762613936e-01
-3.0355999117189225e-01
-3.0337889820311820e-01
-3.0320249303740149e-01
-3.0303077988056065e-01
-3.0286376282654826e-01
-3.0270144585735326e-01
-3.0254383284290609e-01
-3.0239092754098629e-01
-3.0224273359713327e-01
-3.0209925454455883e-01
-3.0196049380406342e-01
-3.0182645468395430e-01
-3.0169714037996676e-01
-3.0157255397518790e-01
-3.0145269843998335e-01
-3.0133757663192584e-01
-3.0122719129572795e-01
-3.0112154506317573e-01
-3.0102064045306676e-01
-3.0092447987114967e-01
-3.0083306561006673e-01
-3.0074639984929941e-01
-3.0066448465511653e-01
-3.0058732198052451e-01
-3.0051491366522121e-01
-3.0044726143555206e-01
-3.0038436690446857e-01
-3.0032623157149035e-01
-3.0027285682266891e-01
-3.0022424393055491e-01
-3.0018039405416785e-01
-3.0014130823896801e-01
-3.0010698741683195e-01
-3.0007743240603041e-01
-3.0005264391120823e-01
-3.0003262252336804e-01
-3.0001736871985590e-01
-3.0000688286435018e-01
-3.0000116520685272e-01
-3.0000021588368270e-01
-3.0000403491747374e-01
-3.0001262221717323e-01
-3.0002597757804433e-01
-3.0004410068167109e-01
-3.0006699109596580e-01
-3.0009464827517973e-01
-3.0012707155991547e-01
-3.0016426017714337e-01
-3.0020621324021934e-01
-3.0025292974890644e-01
-3.0030440858939855e-01
-3.0036064853434685e-01
-3.0042164824288925e-01
-3.0048740626068227e-01
-3.0055792101993573e-01
-3.0063319083945006e-01
-3.0071321392465644e-01
-3.0079798836765981e-01
-3.0088751214728371e-01
-3.0098178312911938e-01
-3.0108079906557572e-01
-3.0118455759593377e-01
-3.0129305624640212e-01
-3.0140629243017653e-01
-3.0152426344750138e-01
-3.0164696648573408e-01
-3.0177439861941202e-01
-3.0190655681032230e-01
-3.0204343790757454e-01
-3.0218503864767543e-01
-3.0233135565460700e-01
-3.0248238543990691e-01
-3.0263812440275162e-01
-3.0279856883004225e-01
-3.0296371489649321e-01
-3.0313355866472314e-01
-3.0330809608534931e-01
-3.0348732299708348e-01
-3.0367123512683158e-01
-3.0385982808979550e-01
-3.0405309738957748e-01
-3.0425103841828754e-01
-3.0445364645665318e-01
-3.0466091667413187e-01
-3.0487284412902649e-01
-3.0508942376860271e-01
-3.0531065042920974e-01
-3.0553651883640354e-01
-3.0576702360507235e-01
-3.0600215923956520e-01
-3.0624192013382268e-01
-3.0648630057151105e-01
-3.0673529472615824e-01
-3.0698889666129270e-01
-3.0724710033058533e-01
-3.0750989957799296e-01
-3.0777728813790584e-01
-3.0804925963529650e-01
-3.0832580758587214e-01
-3.0860692539622880e-01
-3.0889260636400906e-01
-3.0918284367806126e-01
-3.0947763041860232e-01
-3.0977695955738282e-01
-3.1008082395785397e-01
-3.1038921637533834e-01
-3.1070212945720238e-01
-3.1101955574303164e-01
-3.1134148766480879e-01
-3.1166791754709389e-01
-3.1199883760720759e-01
-3.1233423995541654e-01
-3.1267411659512134e-01
-3.1301845942304773e-01
-3.1336726022943912e-01
-3.1372051069825280e-01
-3.1407820240735806e-01
-3.1444032682873690e-01
-3.1480687532868745e-01
-3.1517783916802988e-01
-3.1555320950231452e-01
-3.1593297738203308e-01
-3.1631713375283171e-01
-3.1670566945572698e-01
-3.1709857522732421e-01
-3.1749584170003853e-01
-3.1789745940231795e-01
-3.1830341875886925e-01
-3.1871371009088634e-01
-3.1912832361628113e-01
-3.1954724944991642e-01
-3.1997047760384190e-01
-3.2039799798753199e-01
-3.2082980040812681e-01
-3.2126587457067490e-01
-3.2170621007837863e-01
-3.2215079643284217e-01
-3.2259962303432199e-01
-3.2305267918197933e-01
-3.2350995407413530e-01
-3.2397143680852847e-01
-3.2443711638257500e-01
-3.2490698169363075e-01
-3.2538102153925597e-01
-3.2585922461748246e-01
-3.2634157952708298e-01
-3.2682807476784326e-01
-3.2731869874083586e-01
-3.2781343974869703e-01
-3.2831228599590534e-01
-3.2881522558906306e-01
-3.2932224653717979e-01
-3.2983333675195808e-01
-3.3034848404808187e-01
-3.3086767614350687e-01
-3.3139090065975363e-01
-3.3191814512220230e-01
-3.3244939696039022e-01
-3.3298464350831186e-01
-3.3352387200472033e-01
-3.3406706959343202e-01
-3.3461422332363289e-01
-3.3516532015018741e-01
-3.3572034693394948e-01
-3.3627929044207561e-01
-3.3684213734834056e-01
-3.3740887423345517e-01
-3.3797948758538587e-01
-3.3855396379967723e-01
-3.3913228917977623e-01
-3.3971444993735872e-01
-3.4030043219265826e-01
-3.4089022197479679e-01
-3.4148380522211824e-01
-3.4208116778252318e-01
-3.4268229541380668e-01
-3.4328717378399765e-01
-3.4389578847170049e-01
-3.4450812496643923e-01
-3.4512416866900308e-01
-3.4574390489179496e-01
-3.4636731885918104e-01
-3.4699439570784379e-01
-3.4762512048713579e-01
-3.4825947815943614e-01
-3.4889745360050972e-01
-3.4953903159986666e-01
-3.5018419686112601e-01
-3.5083293400237980e-01
-3.5148522755655998e-01
-3.5214106197180728e-01
-3.5280042161184177e-01
-3.5346329075633592e-01
-3.5412965360128906e-01
-3.5479949425940460e-01
-3.5547279676046833e-01
-3.5614954505172969e-01
-3.5682972299828414e-01
-3.5751331438345790e-01
-3.5820030290919475e-01
-3.5889067219644433e-01
-3.5958440578555295e-01
-3.6028148713665575e-01
-3.6098189963007127e-01
-3.6168562656669756e-01
-3.6239265116841024e-01
-3.6310295657846281e-01
-3.6381652586188817e-01
-3.6453334200590282e-01
-3.6525338792031181e-01
-3.6597664643791705e-01
-3.6670310031492603e-01
-3.6743273223136286e-01
-3.6816552479148179e-01
-3.6890146052418127e-01
-3.6964052188342117e-01
-3.7038269124864054e-01
-3.7112795092517786e-01
-3.7187628314469323e-01
-3.7262767006559172e-01
-3.7338209377344855e-01
-3.7413953628143670e-01
-3.7489997953075538e-01
-3.7566340539106075e-01
-3.7642979566089807e-01
-3.7719913206813571e-01
-3.7797139627040077e-01
-3.7874656985551652e-01
-3.7952463434194117e-01
-3.8030557117920871e-01
-3.8108936174837094e-01
-3.8187598736244160e-01
-3.8266542926684188e-01
-3.8345766863984754e-01
-3.8425268659303735e-01
-3.8505046417174404e-01
-3.8585098235550569e-01
-3.8665422205851940e-01
-3.8746016413009643e-01
-3.8826878935511849e-01
-3.8908007845449627e-01
-3.8989401208562868e-01
-3.9071057084286442e-01
-3.9152973525796414e-01
-3.9235148580056517e-01
-3.9317580287864673e-01
-3.9400266683899721e-01
-3.9483205796768273e-01
-3.9566395649051717e-01
-3.9649834257353345e-01
-3.9733519632345682e-01
-3.9817449778817859e-01
-3.9901622695723232e-01
-3.9986036376227063e-01
-4.0070688807754373e-01
-4.0155577972037926e-01
-4.0240701845166355e-01
-4.0326058397632397e-01
-4.0411645594381307e-01
-4.0497461394859358e-01
-4.0583503753062478e-01
-4.0669770617585083e-01
-4.0756259931668920e-01
-4.0842969633252157e-01
-4.0929897655018510e-01
-4.1017041924446557e-01
-4.1104400363859134e-01
-4.1191970890472884e-01
-4.1279751416447902e-01
-4.1367739848937513e-01
-4.1455934090138186e-01
-4.1544332037339532e-01
-4.1632931582974431e-01
-4.1721730614669317e-01
-4.1810727015294491e-01
-4.1899918663014629e-01
-4.1989303431339370e-01
-4.2078879189173996e-01
-4.2168643800870270e-01
-4.2258595126277315e-01
-4.2348731020792679e-01
-4.2439049335413442e-01
-4.2529547916787458e-01
-4.2620224607264695e-01
-4.2711077244948681e-01
-4.2802103663748031e-01
-4.2893301693428126e-01
-4.2984669159662814e-01
-4.3076203884086284e-01
-4.3167903684344966e-01
-4.3259766374149600e-01
-4.3351789763327347e-01
-4.3443971657873987e-01
-4.3536309860006261e-01
-4.3628802168214248e-01
-4.3721446377313855e-01
-4.3814240278499406e-01
-4.3907181659396283e-01
-4.4000268304113699e-01
-4.4093497993297504e-01
-4.4186868504183108e-01
-4.4280377610648480e-01
-4.4374023083267233e-01
-4.4467802689361735e-01
-4.4561714193056390e-01
-4.4655755355330923e-01
-4.4749923934073754e-01
-4.4844217684135479e-01
-4.4938634357382362e-01
-4.5033171702749974e-01
-4.5127827466296838e-01
-4.5222599391258173e-01
-4.5317485218099696e-01
-4.5412482684571509e-01
-4.5507589525762004e-01
-4.5602803474151893e-01
-4.5698122259668267e-01
-4.5793543609738696e-01
-4.5889065249345423e-01
-4.5984684901079625e-01
-4.6080400285195677e-01
-4.6176209119665523e-01
-4.6272109120233085e-01
-4.6368098000468722e-01
-4.6464173471823728e-01
-4.6560333243684926e-01
-4.6656575023429253e-01
-4.6752896516478426e-01
-4.6849295426353660e-01
-4.6945769454730413e-01
-4.7042316301493170e-01
-4.7138933664790306e-01
-4.7235619241088944e-01
-4.7332370725229905e-01
-4.7429185810482632e-01
-4.7526062188600193e-01
-4.7622997549874346e-01
-4.7719989583190570e-01
-4.7817035976083183e-01
-4.7914134414790471e-01
-4.8011282584309850e-01
-4.8108478168453078e-01
-4.8205718849901447e-01
-4.8303002310261051e-01
-4.8400326230118063e-01
-4.8497688289094026e-01
-4.8595086165901169e-01
-4.8692517538397773e-01
-4.8789980083643514e-01
-4.8887471477954847e-01
-4.8984989396960427e-01
-4.9082531515656497e-01
-4.9180095508462351e-01
-4.9277679049275752e-01
-4.9375279811528416e-01
-4.9472895468241446e-01
-4.9570523692080865e-01
-4.9668162155413043e-01
-4.9765808530360245e-01
-4.9863460488856093e-01
-4.9961115702701098e-01
-5.0058771843618155e-01
-5.0156426583308045e-01
-5.0254077593504987e-01
-5.0351722546032063e-01
-5.0449359112856851e-01
-5.0546984966146791e-01
-5.0644597778324807e-01
-5.0742195222124720e-01
-5.0839774970646756e-01
-5.0937334697413050e-01
-5.1034872076423066e-01
-5.1132384782209117e-01
-5.1229870489891716e-01
-5.1327326875235113e-01
-5.1424751614702624e-01
-5.1522142385512071e-01
-5.1619496865691150e-01
-5.1716812734132778e-01
-5.1814087670650477e-01
-5.1911319356033614e-01
-5.2008505472102795e-01
-5.2105643701765025e-01
-5.2202731729069063e-01
-5.2299767239260542e-01
-5.2396747918837216e-01
-5.2493671455604096e-01
-5.2590535538728578e-01
-5.2687337858795547e-01
-5.2784076107862421e-01
-5.2880747979514209e-01
-5.2977351168918452e-01
-5.3073883372880215e-01
-5.3170342289896977e-01
-5.3266725620213518e-01
-5.3363031065876720e-01
-5.3459256330790417e-01
-5.3555399120770064e-01
-5.3651457143597470e-01
-5.3747428109075468e-01
-5.3843309729082478e-01
-5.3939099717627070e-01
-5.4034795790902490e-01
-5.4130395667341102e-01
-5.4225897067668760e-01
-5.4321297714959149e-01
-5.4416595334688145e-01
-5.4511787654787924e-01
-5.4606872405701246e-01
-5.4701847320435482e-01
-5.4796710134616711e-01
-5.4891458586543695e-01
-5.4986090417241795e-01
-5.5080603370516823e-01
-5.5174995193008858e-01
-5.5269263634245958e-01
-5.5363406446697794e-01
-5.5457421385829286e-01
-5.5551306210154050e-01
-5.5645058681287896e-01
-5.5738676564002176e-01
-5.5832157626277057e-01
-5.5925499639354770e-01
-5.6018700377792729e-01
-5.6111757619516578e-01
-5.6204669145873187e-01
-5.6297432741683551e-01
-5.6390046195295607e-01
-5.6482507298636919e-01
-5.6574813847267391e-01
-5.6666963640431778e-01
-5.6758954481112156e-01
-5.6850784176080360e-01
-5.6942450535950173e-01
-5.7033951375229619e-01
-5.7125284512373031e-01
-5.7216447769833045e-01
-5.7307438974112557e-01
-5.7398255955816502e-01
-5.7488896549703628e-01
-5.7579358594738050e-01
-5.7669639934140848e-01
-5.7759738415441408e-01
-5.7849651890528819e-01
-5.7939378215703063e-01
-5.8028915251726065e-01
-5.8118260863872795e-01
-5.8207412921982082e-01
-5.8296369300507456e-01
-5.8385127878567789e-01
-5.8473686539997882e-01
-5.8562043173398914e-01
-5.8650195672188765e-01
-5.8738141934652255e-01
-5.8825879863991259e-01
-5.8913407368374693e-01
-5.9000722360988389e-01
-5.9087822760084807e-01
-5.9174706489032758e-01
-5.9261371476366842e-01
-5.9347815655836822e-01
-5.9434036966456982e-01
-5.9520033352555146e-01
-5.9605802763821780e-01
-5.9691343155358823e-01
-5.9776652487728477e-01
-5.9861728727001795e-01
-5.9946569844807207e-01
-6.0031173818378836e-01
-6.0115538630604792e-01
-6.0199662270075205e-01
-6.0283542731130191e-01
-6.0367178013907696e-01
-6.0450566124391147e-01
-6.0533705074457034e-01
-6.0616592881922227e-01
-6.0699227570591341e-01
-6.0781607170303797e-01
-6.0863729716980774e-01
-6.0945593252672059e-01
-6.1027195825602776e-01
-6.1108535490219817e-01
-6.1189610307238307e-01
-6.1270418343687838e-01
-6.1350957672958506e-01
-6.1431226374846881e-01
-6.1511222535601773e-01
-6.1590944247969881e-01
-6.1670389611241239e-01
-6.1749556731294553e-01
-6.1828443720642345e-01
-6.1907048698475953e-01
-6.1985369790710398e-01
-6.2063405130029026e-01
-6.2141152855928072e-01
-6.2218611114760991e-01
-6.2295778059782625e-01
-6.2372651851193317e-01
-6.2449230656182686e-01
-6.2525512648973369e-01
-6.2601496010864555e-01
-6.2677178930275323e-01
-6.2752559602787850e-01
-6.2827636231190409e-01
-6.2902407025520257e-01
-6.2976870203106294e-01
-6.3051023988611532e-01
-6.3124866614075459e-01
-6.3198396318956218e-01
-6.3271611350172496e-01
-6.3344509962145401e-01
-6.3417090416840016e-01
-6.3489350983806914e-01
-6.3561289940223331e-01
-6.3632905570934317e-01
-6.3704196168493554e-01
-6.3775160033204137e-01
-6.3845795473159028e-01
-6.3916100804281473e-01
-6.3986074350365074e-01
-6.4055714443113820e-01
-6.4125019422181784e-01
-6.4193987635212801e-01
-6.4262617437879799e-01
-6.4330907193924047e-01
-6.4398855275194089e-01
-6.4466460061684649e-01
-6.4533719941575240e-01
-6.4600633311268518e-01
-6.4667198575428630e-01
-6.4733414147019130e-01
-6.4799278447340924e-01
-6.4864789906069842e-01
-6.4929946961294094e-01
-6.4994748059551510e-01
-6.5059191655866577e-01
-6.5123276213787307e-01
-6.5187000205421775e-01
-6.5250362111474669e-01
-6.5313360421283428e-01
-6.5375993632854279e-01
-6.5438260252898062e-01
-6.5500158796865815e-01
-6.5561687788984191e-01
-6.5622845762290605e-01
-6.5683631258668251e-01
-6.5744042828880833e-01
-6.5804079032607143e-01
-6.5863738438475394e-01
-6.5923019624097323e-01
-6.5981921176102132e-01
-6.6040441690170193e-01
-6.6098579771066490e-01
-6.6156334032673914e-01
-6.6213703098026289e-01
-6.6270685599341239e-01
-6.6327280178052772e-01
-6.6383485484843641e-01
-6.6439300179677596e-01
-6.6494722931831240e-01
-6.6549752419925823e-01
-6.6604387331958725e-01
-6.6658626365334706e-01
-6.6712468226897015e-01
-6.6765911632958197e-01
-6.6818955309330674e-01
-6.6871597991357179e-01
-6.6923838423940862e-01
-6.6975675361575215e-01
-6.7027107568373800e-01
-6.7078133818099683e-01
-6.7128752894194677e-01
-6.7178963589808383e-01
-6.7228764707826882e-01
-6.7278155060901379e-01
-6.7327133471476419e-01
-6.7375698771818016e-01
-6.7423849804041491e-01
-6.7471585420139035e-01
-6.7518904482007158e-01
-6.7565805861473738e-01
-6.7612288440324975e-01
-6.7658351110332027e-01
-6.7703992773277455e-01
-6.7749212340981357e-01
-6.7794008735327382e-01
-6.7838380888288385e-01
-6.7882327741951887e-01
-6.7925848248545351e-01
-6.7968941370461089e-01
-6.8011606080281051e-01
-6.8053841360801315e-01
-6.8095646205056326e-01
-6.8137019616342909e-01
-6.8177960608244015e-01
-6.8218468204652294e-01
-6.8258541439793285e-01
-6.8298179358248534e-01
-6.8337381014978271e-01
-6.8376145475344052e-01
-6.8414471815130928e-01
-6.8452359120569584e-01
-6.8489806488358063e-01
-6.8526813025683309e-01
-6.8563377850242468e-01
-6.8599500090263943e-01
-6.8635178884528103e-01
-6.8670413382387907e-01
-6.8705202743789129e-01
-6.8739546139290419e-01
-6.8773442750083025e-01
-6.8806891768010403e-01
-6.8839892395587376e-01
-6.8872443846019249e-01
-6.8904545343220502e-01
-6.8936196121833337e-01
-6.8967395427245870e-01
-6.8998142515610172e-01
-6.9028436653859993e-01
-6.9058277119728229e-01
-6.9087663201764138e-01
-6.9116594199350334e-01
-6.9145069422719441e-01
-6.9173088192970589e-01
-6.9200649842085560e-01
-6.9227753712944728e-01
-6.9254399159342761e-01
-6.9280585546003959e-01
-6.9306312248597457e-01
-6.9331578653752080e-01
-6.9356384159070994e-01
-6.9380728173146022e-01
-6.9404610115571819e-01
-6.9428029416959625e-01
-6.9450985518950881e-01
-6.9473477874230583e-01
-6.9495505946540226e-01
-6.9517069210690696e-01
-6.9538167152574748e-01
-6.9558799269179228e-01
-6.9578965068597121e-01
-6.9598664070039273e-01
-6.9617895803845820e-01
-6.9636659811497403e-01
-6.9654955645626104e-01
-6.9672782870026129e-01
-6.9690141059664146e-01
-6.9707029800689502e-01
-6.9723448690444034e-01
-6.9739397337471676e-01
-6.9754875361527813e-01
-6.9769882393588323e-01
-6.9784418075858401e-01
-6.9798482061781053e-01
-6.9812074016045389e-01
-6.9825193614594627e-01
-6.9837840544633767e-01
-6.9850014504637103e-01
-6.9861715204355401e-01
-6.9872942364822777e-01
-6.9883695718363392e-01
-6.9893975008597864e-01
-6.9903779990449266e-01
-6.9913110430149095e-01
-6.9921966105242772e-01
-6.9930346804594978e-01
-6.9938252328394646e-01
-6.9945682488159799e-01
-6.9952637106741955e-01
-6.9959116018330436e-01
-6.9965119068456239e-01
-6.9970646113995794e-01
-6.9975697023174321e-01
-6.9980271675569017e-01
-6.9984369962111859e-01
-6.9987991785092296e-01
-6.9991137058159492e-01
-6.9993805706324475e-01
-6.9995997665961807e-01
-6.9997712884811214e-01
-6.9998951321978775e-01
-6.9999712947937909e-01
-6.9999997744530074e-01
-6.9999805704965190e-01
-6.9999136833821840e-01
-6.9997991147047134e-01
-6.9996368671956288e-01
-6.9994269447232083e-01
-6.9991693522923804e-01
-6.9988640960446169e-01
-6.9985111832577784e-01
-6.9981106223459455e-01
-6.9976624228592155e-01
-6.9971665954834750e-01
-6.9966231520401467e-01
-6.9960321054859076e-01
-6.9953934699123754e-01
-6.9947072605457794e-01
-6.9939734937465936e-01
-6.9931921870091474e-01
-6.9923633589612066e-01
-6.9914870293635334e-01
-6.9905632191094114e-01
-6.9895919502241510e-01
-6.9885732458645600e-01
-6.9875071303183933e-01
-6.9863936290037787e-01
-6.9852327684686022e-01
-6.9840245763898812e-01
-6.9827690815731014e-01
-6.9814663139515321e-01
-6.9801163045855130e-01
-6.9787190856617121e-01
-6.9772746904923577e-01
-6.9757831535144454e-01
-6.9742445102889172e-01
-6.9726587974998133e-01
-6.9710260529533996e-01
-6.9693463155772595e-01
-6.9676196254193745e-01
-6.9658460236471642e-01
-6.9640255525465067e-01
-6.9621582555207273e-01
-6.9602441770895696e-01
-6.9582833628881280e-01
-6.9562758596657637e-01
-6.9542217152849872e-01
-6.9521209787203220e-01
-6.9499737000571282e-01
-6.9477799304904186e-01
-6.9455397223236315e-01
-6.9432531289673849e-01
-6.9409202049382057e-01
-6.9385410058572250e-01
-6.9361155884488579e-01
-6.9336440105394459e-01
-6.9311263310558813e-01
-6.9285626100242026e-01
-6.9259529085681582e-01
-6.9232972889077593e-01
-6.9205958143577839e-01
-6.9178485493262776e-01
-6.9150555593130114e-01
-6.9122169109079268e-01
-6.9093326717895387e-01
-6.9064029107233305e-01
-6.9034276975601117e-01
-6.9004071032343495e-01
-6.8973411997624812e-01
-6.8942300602411977e-01
-6.8910737588456961e-01
-6.8878723708279188e-01
-6.8846259725147518e-01
-6.8813346413062071e-01
-6.8779984556735818e-01
-6.8746174951575800e-01
-6.8711918403664218e-01
-6.8677215729739205e-01
-6.8642067757175340e-01
-6.8606475323963922e-01
-6.8570439278693007e-01
-6.8533960480527145e-01
-6.8497039799186932e-01
-6.8459678114928280e-01
-6.8421876318521357e-01
-6.8383635311229440e-01
-6.8344956004787394e-01
-6.8305839321379902e-01
-6.8266286193619519e-01
-6.8226297564524430e-01
-6.8185874387495948e-01
-6.8145017626295801e-01
-6.8103728255023155e-01
-6.8062007258091362e-01
-6.8019855630204551e-01
-6.7977274376333829e-01
-6.7934264511693387e-01
-6.7890827061716275e-01
-6.7846963062029930e-01
-6.7802673558431548e-01
-6.7757959606863061e-01
-6.7712822273386031e-01
-6.7667262634156233e-01
-6.7621281775397923e-01
-6.7574880793378056e-01
-6.7528060794380029e-01
-6.7480822894677406e-01
-6.7433168220507222e-01
-6.7385097908043212e-01
-6.7336613103368637e-01
-6.7287714962449030e-01
-6.7238404651104622e-01
-6.7188683344982492e-01
-6.7138552229528603e-01
-6.7088012499959526e-01
-6.7037065361233905e-01
-6.6985712028023769e-01
-6.6933953724685558e-01
-6.6881791685230940e-01
-6.6829227153297388e-01
-6.6776261382118485e-01
-6.6722895634494139e-01
-6.6669131182760377e-01
-6.6614969308759087e-01
-6.6560411303807387e-01
-6.6505458468666911e-01
-6.6450112113512749e-01
-6.6394373557902187e-01
-6.6338244130743329e-01
-6.6281725170263339e-01
-6.6224818023976573e-01
-6.6167524048652415e-01
-6.6109844610282975e-01
-6.6051781084050498e-01
-6.5993334854294572e-01
-6.5934507314479140e-01
-6.5875299867159265e-01
-6.5815713923947672e-01
-6.5755750905481136e-01
-6.5695412241386597e-01
-6.5634699370247029e-01
-6.5573613739567216e-01
-6.5512156805739197e-01
-6.5450330034007531e-01
-6.5388134898434402e-01
-6.5325572881864469e-01
-6.5262645475889436e-01
-6.5199354180812630e-01
-6.5135700505613103e-01
-6.5071685967909720e-01
-6.5007312093924963e-01
-6.4942580418448526e-01
-6.4877492484800769e-01
-6.4812049844795883e-01
-6.4746254058704866e-01
-6.4680106695218398e-01
-6.4613609331409383e-01
-6.4546763552695374e-01
-6.4479570952800769e-01
-6.4412033133718793e-01
-6.4344151705673336e-01
-6.4275928287080542e-01
-6.4207364504510245e-01
-6.4138461992647144e-01
-6.4069222394251868e-01
-6.3999647360121825e-01
-6.3929738549051784e-01
-6.3859497627794370e-01
-6.3788926271020330e-01
-6.3718026161278574e-01
-6.3646798988956099e-01
-6.3575246452237633e-01
-6.3503370257065206e-01
-6.3431172117097456e-01
-6.3358653753668748e-01
-6.3285816895748170e-01
-6.3212663279898285e-01
-6.3139194650233743e-01
-6.3065412758379691e-01
-6.2991319363430021e-01
-6.2916916231905406e-01
-6.2842205137711227e-01
-6.2767187862095231e-01
-6.2691866193605084e-01
-6.2616241928045746e-01
-6.2540316868436630e-01
-6.2464092824968609e-01
-6.2387571614960891e-01
-6.2310755062817680e-01
-6.2233644999984639e-01
-6.2156243264905287e-01
-6.2078551702977136e-01
-6.2000572166507673e-01
-6.1922306514670233e-01
-6.1843756613459655e-01
-6.1764924335647819e-01
-6.1685811560738946e-01
-6.1606420174924825e-01
-6.1526752071039836e-01
-6.1446809148515835e-01
-6.1366593313336804e-01
-6.1286106477993507e-01
-6.1205350561437821e-01
-6.1124327489037011e-01
-6.1043039192527804e-01
-6.0961487609970388e-01
-6.0879674685702123e-01
-6.0797602370291259e-01
-6.0715272620490390e-01
-6.0632687399189811e-01
-6.0549848675370721e-01
-6.0466758424058287e-01
-6.0383418626274521e-01
-6.0299831268991111e-01
-6.0215998345081989e-01
-6.0131921853275827e-01
-6.0047603798108429e-01
-5.9963046189874891e-01
-5.9878251044581687e-01
-5.9793220383898604e-01
-5.9707956235110549e-01
-5.9622460631069196e-01
-5.9536735610144542e-01
-5.9450783216176295e-01
-5.9364605498425149e-01
-5.9278204511523913e-01
-5.9191582315428559e-01
-5.9104740975369074e-01
-5.9017682561800233e-01
-5.8930409150352236e-01
-5.8842922821781229e-01
-5.8755225661919674e-01
-5.8667319761626646e-01
-5.8579207216737972e-01
-5.8490890128016249e-01
-5.8402370601100762e-01
-5.8313650746457313e-01
-5.8224732679327873e-01
-5.8135618519680143e-01
-5.8046310392157030e-01
-5.7956810426025995e-01
-5.7867120755128276e-01
-5.7777243517828014e-01
-5.7687180856961273e-01
-5.7596934919784948e-01
-5.7506507857925571e-01
-5.7415901827328031e-01
-5.7325118988204138e-01
-5.7234161504981129e-01
-5.7143031546250100e-01
-5.7051731284714269e-01
-5.6960262897137148e-01
-5.6868628564290735e-01
-5.6776830470903406e-01
-5.6684870805607934e-01
-5.6592751760889226e-01
-5.6500475533032080e-01
-5.6408044322068862e-01
-5.6315460331726974e-01
-5.6222725769376392e-01
-5.6129842845976963e-01
-5.6036813776025751e-01
-5.5943640777504222e-01
-5.5850326071825362e-01
-5.5756871883780690e-01
-5.5663280441487262e-01
-5.5569553976334507e-01
-5.5475694722931057e-01
-5.5381704919051433e-01
-5.5287586805582756e-01
-5.5193342626471231e-01
-5.5098974628668740e-01
-5.5004485062079200e-01
-5.4909876179504957e-01
-5.4815150236593058e-01
-5.4720309491781505e-01
-5.4625356206245346e-01
-5.4530292643842837e-01
-5.4435121071061421e-01
-5.4339843756963702e-01
-5.4244462973133356e-01
-5.4148980993620954e-01
-5.4053400094889770e-01
-5.3957722555761467e-01
-5.3861950657361823e-01
-5.3766086683066294e-01
-5.3670132918445579e-01
-5.3574091651211175e-01
-5.3477965171160757e-01
-5.3381755770123662e-01
-5.3285465741906213e-01
-5.3189097382236994e-01
-5.3092652988712197e-01
-5.2996134860740773e-01
-5.2899545299489648e-01
-5.2802886607828836e-01
-5.2706161090276549e-01
-5.2609371052944265e-01
-5.2512518803481700e-01
-5.2415606651021851e-01
-5.2318636906125870e-01
-5.2221611880728080e-01
-5.2124533888080726e-01
-5.2027405242698921e-01
-5.1930228260305433e-01
-5.1833005257775466e-01
-5.1735738553081423e-01
-5.1638430465237639e-01
-5.1541083314245129e-01
-5.1443699421036215e-01
-5.1346281107419223e-01
-5.1248830696023129e-01
-5.1151350510242188e-01
-5.1053842874180522e-01
-5.0956310112596703e-01
-5.0858754550848362e-01
-5.0761178514836713e-01
-5.0663584330951139e-01
-5.0565974326013663e-01
-5.0468350827223529e-01
-5.0370716162101714e-01
-5.0273072658435392e-01
-5.0175422644222489e-01
-5.0077768447616133e-01
