5.0000000000000000e-01
5.0097655861949386e-01
5.0195309395606225e-01
5.0292958272733446e-01
5.0390600165205035e-01
5.0488232745061490e-01
5.0585853684565329e-01
5.0683460656256629e-01
5.0781051333008442e-01
5.0878623388082356e-01
5.0976174495183912e-01
5.1073702328518100e-01
5.1171204562844796e-01
5.1268678873534190e-01
5.1366122936622260e-01
5.1463534428866087e-01
5.1560911027799350e-01
5.1658250411787610e-01
5.1755550260083727e-01
5.1852808252883142e-01
5.1950022071379232e-01
5.2047189397818550e-01
5.2144307915556098e-01
5.2241375309110583e-01
5.2338389264219598e-01
5.2435347467894800e-01
5.2532247608477078e-01
5.2629087375691630e-01
5.2725864460703076e-01
5.2822576556170486e-01
5.2919221356302415e-01
5.3015796556911843e-01
5.3112299855471123e-01
5.3208728951166906e-01
5.3305081544954958e-01
5.3401355339614998e-01
5.3497548039805443e-01
5.3593657352118174e-01
5.3689680985133159e-01
5.3785616649473145e-01
5.3881462057858198e-01
5.3977214925160244e-01
5.4072872968457564e-01
5.4168433907089208e-01
5.4263895462709399e-01
5.4359255359341796e-01
5.4454511323433819e-01
5.4549661083910816e-01
5.4644702372230225e-01
5.4739632922435666e-01
5.4834450471210927e-01
5.4929152757933997e-01
5.5023737524730876e-01
5.5118202516529491e-01
5.5212545481113384e-01
5.5306764169175504e-01
5.5400856334371706e-01
5.5494819733374423e-01
5.5588652125926108e-01
5.5682351274892627e-01
5.5775914946316618e-01
5.5869340909470766e-01
5.5962626936910953e-01
5.6055770804529381e-01
5.6148770291607619e-01
5.6241623180869493e-01
5.6334327258534034e-01
5.6426880314368166e-01
5.6519280141739481e-01
5.6611524537668800e-01
5.6703611302882695e-01
5.6795538241865973e-01
5.6887303162913971e-01
5.6978903878184817e-01
5.7070338203751614e-01
5.7161603959654506e-01
5.7252698969952620e-01
5.7343621062775996e-01
5.7434368070377295e-01
5.7524937829183576e-01
5.7615328179847802e-01
5.7705536967300364e-01
5.7795562040800430e-01
5.7885401253987268e-01
5.7975052464931365e-01
5.8064513536185547e-01
5.8153782334835891e-01
5.8242856732552628e-01
5.8331734605640828e-01
5.8420413835091078e-01
5.8508892306630000e-01
5.8597167910770642e-01
5.8685238542862761e-01
5.8773102103143049e-01
5.8860756496785138e-01
5.8948199633949583e-01
5.9035429429833675e-01
5.9122443804721148e-01
5.9209240684031761e-01
5.9295817998370759e-01
5.9382173683578221e-01
5.9468305680778255e-01
5.9554211936428114e-01
5.9639890402367113e-01
5.9725339035865510e-01
5.9810555799673171e-01
5.9895538662068160e-01
5.9980285596905158e-01
6.0064794583663828e-01
6.0149063607496889e-01
6.0233090659278266e-01
6.0316873735650889e-01
6.0400410839074548e-01
6.0483699977873417e-01
6.0566739166283667e-01
6.0649526424500677e-01
6.0732059778726311e-01
6.0814337261216012e-01
6.0896356910325600e-01
6.0978116770558133e-01
6.1059614892610548e-01
6.1140849333420033e-01
6.1221818156210450e-01
6.1302519430538460e-01
6.1382951232339589e-01
6.1463111643974033e-01
6.1542998754272449e-01
6.1622610658581500e-01
6.1701945458809249e-01
6.1781001263470403e-01
6.1859776187731452e-01
6.1938268353455583e-01
6.2016475889247435e-01
6.2094396930497786e-01
6.2172029619427915e-01
6.2249372105133949e-01
6.2326422543631022e-01
6.2403179097897155e-01
6.2479639937917142e-01
6.2555803240726116e-01
6.2631667190453033e-01
6.2707229978363976e-01
6.2782489802905284e-01
6.2857444869746482e-01
6.2932093391823052e-01
6.3006433589379074e-01
6.3080463690009658e-01
6.3154181928703146e-01
6.3227586547883285e-01
6.3300675797451034e-01
6.3373447934826355e-01
6.3445901224989742e-01
6.3518033940523577e-01
6.3589844361653314e-01
6.3661330776288505e-01
6.3732491480063591e-01
6.3803324776378567e-01
6.3873828976439384e-01
6.3944002399298272e-01
6.4013843371893786e-01
6.4083350229090674e-01
6.4152521313719624e-01
6.4221354976616740e-01
6.4289849576662861e-01
6.4358003480822734e-01
6.4425815064183867e-01
6.4493282709995348e-01
6.4560404809706351e-01
6.4627179763004472e-01
6.4693605977853941e-01
6.4759681870533536e-01
6.4825405865674335e-01
6.4890776396297278e-01
6.4955791903850590e-01
6.5020450838246846e-01
6.5084751657899975e-01
6.5148692829762034e-01
6.5212272829359696e-01
6.5275490140830672e-01
6.5338343256959786e-01
6.5400830679214972e-01
6.5462950917782925e-01
6.5524702491604703e-01
6.5586083928410976e-01
6.5647093764757147e-01
6.5707730546058274e-01
6.5767992826623700e-01
6.5827879169691550e-01
6.5887388147462966e-01
6.5946518341136184e-01
6.6005268340940337e-01
6.6063636746169041e-01
6.6121622165213867e-01
6.6179223215597405e-01
6.6236438524006347e-01
6.6293266726324140e-01
6.6349706467663561e-01
6.6405756402398985e-01
6.6461415194198481e-01
6.6516681516055698e-01
6.6571554050321435e-01
6.6626031488735138e-01
6.6680112532456048e-01
6.6733795892094172e-01
6.6787080287740996e-01
6.6839964449000078e-01
6.6892447115017251e-01
6.6944527034510737e-01
6.6996202965800966e-01
6.7047473676840175e-01
6.7098337945241782e-01
6.7148794558309544e-01
6.7198842313066431e-01
6.7248480016283385e-01
6.7297706484507680e-01
6.7346520544091171e-01
6.7394921031218313e-01
6.7442906791933854e-01
6.7490476682170397e-01
6.7537629567775603e-01
6.7584364324539337e-01
6.7630679838220353e-01
6.7676575004572970e-01
6.7722048729373308e-01
6.7767099928445462e-01
6.7811727527687260e-01
6.7855930463095937e-01
6.7899707680793497e-01
6.7943058137051782e-01
6.7985980798317458e-01
6.8028474641236536e-01
6.8070538652678891e-01
6.8112171829762325e-01
6.8153373179876509e-01
6.8194141720706658e-01
6.8234476480256956e-01
6.8274376496873701e-01
6.8313840819268268e-01
6.8352868506539743e-01
6.8391458628197399e-01
6.8429610264182883e-01
6.8467322504892114e-01
6.8504594451196987e-01
6.8541425214466822e-01
6.8577813916589536e-01
6.8613759689992593e-01
6.8649261677663675e-01
6.8684319033171104e-01
6.8718930920684074e-01
6.8753096514992507e-01
6.8786815001526769e-01
6.8820085576377110e-01
6.8852907446312783e-01
6.8885279828800972e-01
6.8917201952025486e-01
6.8948673054905085e-01
6.8979692387111724e-01
6.9010259209088343e-01
6.9040372792066573e-01
6.9070032418084071e-01
6.9099237380001655e-01
6.9127986981520140e-01
6.9156280537197001e-01
6.9184117372462628e-01
6.9211496823636465e-01
6.9238418237942834e-01
6.9264880973526477e-01
6.9290884399467845e-01
6.9316427895798216e-01
6.9341510853514365e-01
6.9366132674593173e-01
6.9390292772005846e-01
6.9413990569731920e-01
6.9437225502772992e-01
6.9459997017166197e-01
6.9482304569997388e-01
6.9504147629414137e-01
6.9525525674638344e-01
6.9546438195978699e-01
6.9566884694842845e-01
6.9586864683749239e-01
6.9606377686338738e-01
6.9625423237386064e-01
6.9644000882810775e-01
6.9662110179688175e-01
6.9679750696259846e-01
6.9696922011943929e-01
6.9713623717345174e-01
6.9729855414264674e-01
6.9745616715709391e-01
6.9760907245901371e-01
6.9775726640286673e-01
6.9790074545544112e-01
6.9803950619593658e-01
6.9817354531604570e-01
6.9830285962003324e-01
6.9842744602481210e-01
6.9854730156001665e-01
6.9866242336807416e-01
6.9877280870427205e-01
6.9887845493682432e-01
6.9897935954693324e-01
6.9907552012885033e-01
6.9916693438993327e-01
6.9925360015070059e-01
6.9933551534488347e-01
6.9941267801947549e-01
6.9948508633477879e-01
6.9955273856444800e-01
6.9961563309553143e-01
6.9967376842850970e-01
6.9972714317733109e-01
6.9977575606944509e-01
6.9981960594583215e-01
6.9985869176103199e-01
6.9989301258316805e-01
6.9992256759396954e-01
6.9994735608879177e-01
6.9996737747663196e-01
6.9998263128014404e-01
6.9999311713564982e-01
6.9999883479314728e-01
6.9999978411631725e-01
6.9999596508252626e-01
6.9998737778282671e-01
6.9997402242195572e-01
6.9995589931832891e-01
6.9993300890403420e-01
6.9990535172482027e-01
6.9987292844008453e-01
6.9983573982285663e-01
6.9979378675978066e-01
6.9974707025109351e-01
6.9969559141060145e-01
6.9963935146565315e-01
6.9957835175711081e-01
6.9951259373931773e-01
6.9944207898006427e-01
6.9936680916054994e-01
6.9928678607534356e-01
6.9920201163234019e-01
6.9911248785271629e-01
6.9901821687088062e-01
6.9891920093442428e-01
6.9881544240406623e-01
6.9870694375359788e-01
6.9859370756982342e-01
6.9847573655249862e-01
6.9835303351426592e-01
6.9822560138058798e-01
6.9809344318967770e-01
6.9795656209242551e-01
6.9781496135232457e-01
6.9766864434539300e-01
6.9751761456009309e-01
6.9736187559724838e-01
6.9720143116995770e-01
6.9703628510350679e-01
6.9686644133527686e-01
6.9669190391465063e-01
6.9651267700291652e-01
6.9632876487316842e-01
6.9614017191020450e-01
6.9594690261042258e-01
6.9574896158171251e-01
6.9554635354334682e-01
6.9533908332586813e-01
6.9512715587097351e-01
6.9491057623139729e-01
6.9468934957079020e-01
6.9446348116359646e-01
6.9423297639492765e-01
6.9399784076043480e-01
6.9375807986617732e-01
6.9351369942848895e-01
6.9326470527384176e-01
6.9301110333870730e-01
6.9275289966941467e-01
6.9249010042200698e-01
6.9222271186209416e-01
6.9195074036470350e-01
6.9167419241412786e-01
6.9139307460377120e-01
6.9110739363599094e-01
6.9081715632193874e-01
6.9052236958139768e-01
6.9022304044261718e-01
6.8991917604214603e-01
6.8961078362466166e-01
6.8929787054279767e-01
6.8898044425696836e-01
6.8865851233519115e-01
6.8833208245290611e-01
6.8800116239279241e-01
6.8766576004458346e-01
6.8732588340487866e-01
6.8698154057695227e-01
6.8663273977056094e-01
6.8627948930174720e-01
6.8592179759264194e-01
6.8555967317126310e-01
6.8519312467131255e-01
6.8482216083197012e-01
6.8444679049768542e-01
6.8406702261796692e-01
6.8368286624716834e-01
6.8329433054427302e-01
6.8290142477267579e-01
6.8250415829996147e-01
6.8210254059768205e-01
6.8169658124113075e-01
6.8128628990911366e-01
6.8087167638371882e-01
6.8045275055008358e-01
6.8002952239615810e-01
6.7960200201246801e-01
6.7917019959187319e-01
6.7873412542932510e-01
6.7829378992162137e-01
6.7784920356715783e-01
6.7740037696567801e-01
6.7694732081802067e-01
6.7649004592586470e-01
6.7602856319147153e-01
6.7556288361742500e-01
6.7509301830636925e-01
6.7461897846074403e-01
6.7414077538251749e-01
6.7365842047291702e-01
6.7317192523215674e-01
6.7268130125916414e-01
6.7218656025130297e-01
6.7168771400409466e-01
6.7118477441093694e-01
6.7067775346282021e-01
6.7016666324804186e-01
6.6965151595191807e-01
6.6913232385649313e-01
6.6860909934024637e-01
6.6808185487779770e-01
6.6755060303960978e-01
6.6701535649168808e-01
6.6647612799527967e-01
6.6593293040656798e-01
6.6538577667636711e-01
6.6483467984981259e-01
6.6427965306605052e-01
6.6372070955792439e-01
6.6315786265165944e-01
6.6259112576654489e-01
6.6202051241461413e-01
6.6144603620032272e-01
6.6086771082022377e-01
6.6028555006264122e-01
6.5969956780734174e-01
6.5910977802520321e-01
6.5851619477788170e-01
6.5791883221747682e-01
6.5731770458619332e-01
6.5671282621600235e-01
6.5610421152829956e-01
6.5549187503356077e-01
6.5487583133099692e-01
6.5425609510820504e-01
6.5363268114081896e-01
6.5300560429215615e-01
6.5237487951286421e-01
6.5174052184056386e-01
6.5110254639949028e-01
6.5046096840013334e-01
6.4981580313887399e-01
6.4916706599762020e-01
6.4851477244344002e-01
6.4785893802819272e-01
6.4719957838815823e-01
6.4653670924366402e-01
6.4587034639871099e-01
6.4520050574059540e-01
6.4452720323953172e-01
6.4385045494827031e-01
6.4317027700171581e-01
6.4248668561654210e-01
6.4179969709080531e-01
6.4110932780355567e-01
6.4041559421444705e-01
6.3971851286334425e-01
6.3901810036992868e-01
6.3831437343330244e-01
6.3760734883158976e-01
6.3689704342153719e-01
6.3618347413811183e-01
6.3546665799409718e-01
6.3474661207968819e-01
6.3402335356208295e-01
6.3329689968507397e-01
6.3256726776863714e-01
6.3183447520851821e-01
6.3109853947581873e-01
6.3035947811657889e-01
6.2961730875135946e-01
6.2887204907482208e-01
6.2812371685530677e-01
6.2737232993440828e-01
6.2661790622655145e-01
6.2586046371856330e-01
6.2510002046924462e-01
6.2433659460893920e-01
6.2357020433910193e-01
6.2280086793186429e-01
6.2202860372959923e-01
6.2125343014448342e-01
6.2047536565805883e-01
6.1969442882079129e-01
6.1891063825162906e-01
6.1812401263755845e-01
6.1733457073315812e-01
6.1654233136015246e-01
6.1574731340696265e-01
6.1494953582825596e-01
6.1414901764449437e-01
6.1334577794148060e-01
6.1253983586990357e-01
6.1173121064488156e-01
6.1091992154550367e-01
6.1010598791437132e-01
6.0928942915713558e-01
6.0847026474203592e-01
6.0764851419943477e-01
6.0682419712135327e-01
6.0599733316100279e-01
6.0516794203231727e-01
6.0433604350948289e-01
6.0350165742646655e-01
6.0266480367654318e-01
6.0182550221182141e-01
6.0098377304276762e-01
6.0013963623772937e-01
5.9929311192245627e-01
5.9844422027962074e-01
5.9759298154833651e-01
5.9673941602367597e-01
5.9588354405618693e-01
5.9502538605140642e-01
5.9416496246937522e-01
5.9330229382414923e-01
5.9243740068331086e-01
5.9157030366747843e-01
5.9070102344981490e-01
5.8982958075553449e-01
5.8895599636140861e-01
5.8808029109527116e-01
5.8720248583552093e-01
5.8632260151062487e-01
5.8544065909861809e-01
5.8455667962660474e-01
5.8367068417025569e-01
5.8278269385330683e-01
5.8189272984705509e-01
5.8100081336985365e-01
5.8010696568660636e-01
5.7921120810825999e-01
5.7831356199129735e-01
5.7741404873722679e-01
5.7651268979207315e-01
5.7560950664586552e-01
5.7470452083212542e-01
5.7379775392735310e-01
5.7288922755051319e-01
5.7197896336251963e-01
5.7106698306571868e-01
5.7015330840337186e-01
5.6923796115913716e-01
5.6832096315655034e-01
5.6740233625850400e-01
5.6648210236672658e-01
5.6556028342126008e-01
5.6463690139993739e-01
5.6371197831785747e-01
5.6278553622686145e-01
5.6185759721500594e-01
5.6092818340603712e-01
5.5999731695886301e-01
5.5906502006702496e-01
5.5813131495816892e-01
5.5719622389351520e-01
5.5625976916732767e-01
5.5532197310638265e-01
5.5438285806943610e-01
5.5344244644669072e-01
5.5250076065926246e-01
5.5155782315864521e-01
5.5061365642617643e-01
5.4966828297250026e-01
5.4872172533703156e-01
5.4777400608741833e-01
5.4682514781900304e-01
5.4587517315428491e-01
5.4492410474237996e-01
5.4397196525848102e-01
5.4301877740331728e-01
5.4206456390261304e-01
5.4110934750654571e-01
5.4015315098920369e-01
5.3919599714804323e-01
5.3823790880334477e-01
5.3727890879766915e-01
5.3631901999531284e-01
5.3535826528176267e-01
5.3439666756315074e-01
5.3343424976570741e-01
5.3247103483521574e-01
5.3150704573646335e-01
5.3054230545269587e-01
5.2957683698506830e-01
5.2861066335209694e-01
5.2764380758911056e-01
5.2667629274770089e-01
5.2570814189517368e-01
5.2473937811399807e-01
5.2377002450125654e-01
5.2280010416809430e-01
5.2182964023916822e-01
5.2085865585209534e-01
5.1988717415690144e-01
5.1891521831546916e-01
5.1794281150098553e-01
5.1696997689738944e-01
5.1599673769881937e-01
5.1502311710905979e-01
5.1404913834098831e-01
5.1307482461602227e-01
5.1210019916356486e-01
5.1112528522045153e-01
5.1015010603039579e-01
5.0917468484343498e-01
5.0819904491537649e-01
5.0722320950724242e-01
5.0624720188471584e-01
5.0527104531758549e-01
5.0429476307919141e-01
5.0331837844586957e-01
5.0234191469639755e-01
5.0136539511143907e-01
5.0038884297298902e-01
4.9941228156381845e-01
4.9843573416691950e-01
4.9745922406495019e-01
4.9648277453967932e-01
4.9550640887143155e-01
4.9453015033853209e-01
4.9355402221675193e-01
4.9257804777875286e-01
4.9160225029353244e-01
4.9062665302586955e-01
4.8965127923576929e-01
4.8867615217790888e-01
4.8770129510108279e-01
4.8672673124764887e-01
4.8575248385297370e-01
4.8477857614487924e-01
4.8380503134308850e-01
4.8283187265867217e-01
4.8185912329349528e-01
4.8088680643966381e-01
4.7991494527897210e-01
4.7894356298234969e-01
4.7797268270930937e-01
4.7700232760739458e-01
4.7603252081162784e-01
4.7506328544395909e-01
4.7409464461271422e-01
4.7312662141204453e-01
4.7215923892137573e-01
4.7119252020485791e-01
4.7022648831081543e-01
4.6926116627119785e-01
4.6829657710103023e-01
4.6733274379786488e-01
4.6636968934123280e-01
4.6540743669209583e-01
4.6444600879229936e-01
4.6348542856402525e-01
4.6252571890924532e-01
4.6156690270917522e-01
4.6060900282372930e-01
4.5965204209097504e-01
4.5869604332658898e-01
4.5774102932331245e-01
4.5678702285040845e-01
4.5583404665311855e-01
4.5488212345212076e-01
4.5393127594298754e-01
4.5298152679564518e-01
4.5203289865383284e-01
4.5108541413456299e-01
4.5013909582758205e-01
4.4919396629483177e-01
4.4825004806991137e-01
4.4730736365754042e-01
4.4636593553302201e-01
4.4542578614170714e-01
4.4448693789845950e-01
4.4354941318712104e-01
4.4261323435997824e-01
4.4167842373722943e-01
4.4074500360645225e-01
4.3981299622207271e-01
4.3888242380483422e-01
4.3795330854126813e-01
4.3702567258316444e-01
4.3609953804704399e-01
4.3517492701363081e-01
4.3425186152732609e-01
4.3333036359568228e-01
4.3241045518887838e-01
4.3149215823919645e-01
4.3057549464049827e-01
4.2966048624770381e-01
4.2874715487626974e-01
4.2783552230166955e-01
4.2692561025887449e-01
4.2601744044183498e-01
4.2511103450296372e-01
4.2420641405261950e-01
4.2330360065859157e-01
4.2240261584558592e-01
4.2150348109471175e-01
4.2060621784296942e-01
4.1971084748273935e-01
4.1881739136127211e-01
4.1792587078017918e-01
4.1703630699492544e-01
4.1614872121432211e-01
4.1526313460002112e-01
4.1437956826601086e-01
4.1349804327811235e-01
4.1261858065347745e-01
4.1174120136008741e-01
4.1086592631625307e-01
4.0999277639011616e-01
4.0912177239915193e-01
4.0825293510967237e-01
4.0738628523633158e-01
4.0652184344163173e-01
4.0565963033543018e-01
4.0479966647444854e-01
4.0394197236178220e-01
4.0308656844641172e-01
4.0223347512271518e-01
4.0138271272998205e-01
4.0053430155192798e-01
3.9968826181621164e-01
3.9884461369395202e-01
3.9800337729924795e-01
3.9716457268869809e-01
3.9632821986092304e-01
3.9549433875608847e-01
3.9466294925542972e-01
3.9383407118077773e-01
3.9300772429408654e-01
3.9218392829696203e-01
3.9136270283019231e-01
3.9054406747327935e-01
3.8972804174397224e-01
3.8891464509780188e-01
3.8810389692761688e-01
3.8729581656312162e-01
3.8649042327041494e-01
3.8568773625153124e-01
3.8488777464398233e-01
3.8409055752030119e-01
3.8329610388758761e-01
3.8250443268705447e-01
3.8171556279357660e-01
3.8092951301524047e-01
3.8014630209289607e-01
3.7936594869970974e-01
3.7858847144071928e-01
3.7781388885239015e-01
3.7704221940217375e-01
3.7627348148806683e-01
3.7550769343817314e-01
3.7474487351026625e-01
3.7398503989135440e-01
3.7322821069724677e-01
3.7247440397212150e-01
3.7172363768809591e-01
3.7097592974479743e-01
3.7023129796893711e-01
3.6948976011388474e-01
3.6875133385924536e-01
3.6801603681043782e-01
3.6728388649827504e-01
3.6655490037854604e-01
3.6582909583159984e-01
3.6510649016193086e-01
3.6438710059776669e-01
3.6367094429065683e-01
3.6295803831506446e-01
3.6224839966795863e-01
3.6154204526840966e-01
3.6083899195718522e-01
3.6013925649634920e-01
3.5944285556886185e-01
3.5874980577818216e-01
3.5806012364787199e-01
3.5737382562120196e-01
3.5669092806075958e-01
3.5601144724805917e-01
3.5533539938315351e-01
3.5466280058424760e-01
3.5399366688731482e-01
3.5332801424571370e-01
3.5266585852980870e-01
3.5200721552659070e-01
3.5135210093930158e-01
3.5070053038705906e-01
3.5005251940448490e-01
3.4940808344133423e-01
3.4876723786212699e-01
3.4812999794578225e-01
3.4749637888525331e-01
3.4686639578716572e-01
3.4624006367145721e-01
3.4561739747101938e-01
3.4499841203134179e-01
3.4438312211015809e-01
3.4377154237709395e-01
3.4316368741331754e-01
3.4255957171119167e-01
3.4195920967392857e-01
3.4136261561524611e-01
3.4076980375902682e-01
3.4018078823897868e-01
3.3959558309829807e-01
3.3901420228933510e-01
3.3843665967326092e-01
3.3786296901973711e-01
3.3729314400658761e-01
3.3672719821947228e-01
3.3616514515156359e-01
3.3560699820322404e-01
3.3505277068168760e-01
3.3450247580074172e-01
3.3395612668041275e-01
3.3341373634665294e-01
3.3287531773102985e-01
3.3234088367041809e-01
3.3181044690669326e-01
3.3128402008642821e-01
3.3076161576059138e-01
3.3024324638424785e-01
3.2972892431626200e-01
3.2921866181900322e-01
3.2871247105805323e-01
3.2821036410191617e-01
3.2771235292173112e-01
3.2721844939098621e-01
3.2672866528523581e-01
3.2624301228181984e-01
3.2576150195958509e-01
3.2528414579860965e-01
3.2481095517992842e-01
3.2434194138526262e-01
3.2387711559675025e-01
3.2341648889667973e-01
3.2296007226722551e-01
3.2250787659018643e-01
3.2205991264672618e-01
3.2161619111711615e-01
3.2117672258048108e-01
3.2074151751454649e-01
3.2031058629538911e-01
3.1988393919718949e-01
3.1946158639198685e-01
3.1904353794943674e-01
3.1862980383657091e-01
3.1822039391755985e-01
3.1781531795347706e-01
3.1741458560206709e-01
3.1701820641751466e-01
3.1662618985021729e-01
3.1623854524655953e-01
3.1585528184869072e-01
3.1547640879430416e-01
3.1510193511641937e-01
3.1473186974316691e-01
3.1436622149757532e-01
3.1400499909736063e-01
3.1364821115471897e-01
3.1329586617612093e-01
3.1294797256210871e-01
3.1260453860709581e-01
3.1226557249916975e-01
3.1193108231989602e-01
3.1160107604412624e-01
3.1127556153980751e-01
3.1095454656779492e-01
3.1063803878166663e-01
3.1032604572754130e-01
3.1001857484389828e-01
3.0971563346140007e-01
3.0941722880271771e-01
3.0912336798235862e-01
3.0883405800649666e-01
3.0854930577280559e-01
3.0826911807029411e-01
3.0799350157914440e-01
3.0772246287055272e-01
3.0745600840657239e-01
3.0719414453996041e-01
3.0693687751402543e-01
3.0668421346247920e-01
3.0643615840929006e-01
3.0619271826853972e-01
3.0595389884428181e-01
3.0571970583040375e-01
3.0549014481049114e-01
3.0526522125769417e-01
3.0504494053459774e-01
3.0482930789309304e-01
3.0461832847425258e-01
3.0441200730820778e-01
3.0421034931402879e-01
3.0401335929960727e-01
3.0382104196154180e-01
3.0363340188502597e-01
3.0345044354373896e-01
3.0327217129973871e-01
3.0309858940335854e-01
3.0292970199310498e-01
3.0276551309555966e-01
3.0260602662528324e-01
3.0245124638472187e-01
3.0230117606411672e-01
3.0215581924141599e-01
3.0201517938218947e-01
3.0187925983954611e-01
3.0174806385405373e-01
3.0162159455366233e-01
3.0149985495362897e-01
3.0138284795644604e-01
3.0127057635177229e-01
3.0116304281636602e-01
3.0106024991402142e-01
3.0096220009550734e-01
3.0086889569850905e-01
3.0078033894757228e-01
3.0069653195405027e-01
3.0061747671605354e-01
3.0054317511840201e-01
3.0047362893258045e-01
3.0040883981669564e-01
3.0034880931543761e-01
3.0029353886004206e-01
3.0024302976825673e-01
3.0019728324430989e-01
3.0015630037888141e-01
3.0012008214907709e-01
3.0008862941840503e-01
3.0006194293675531e-01
3.0004002334038193e-01
3.0002287115188786e-01
3.0001048678021225e-01
3.0000287052062091e-01
3.0000002255469926e-01
3.0000194295034810e-01
3.0000863166178154e-01
3.0002008852952866e-01
3.0003631328043706e-01
3.0005730552767923e-01
3.0008306477076196e-01
3.0011359039553837e-01
3.0014888167422216e-01
3.0018893776540545e-01
3.0023375771407845e-01
3.0028334045165250e-01
3.0033768479598527e-01
3.0039678945140924e-01
3.0046065300876246e-01
3.0052927394542206e-01
3.0060265062534064e-01
3.0068078129908532e-01
3.0076366410387934e-01
3.0085129706364666e-01
3.0094367808905886e-01
3.0104080497758490e-01
3.0114267541354406e-01
3.0124928696816061e-01
3.0136063709962213e-01
3.0147672315313978e-01
3.0159754236101188e-01
3.0172309184268992e-01
3.0185336860484679e-01
3.0198836954144870e-01
3.0212809143382879e-01
3.0227253095076423e-01
3.0242168464855546e-01
3.0257554897110828e-01
3.0273412025001861e-01
3.0289739470466004e-01
3.0306536844227405e-01
3.0323803745806255e-01
3.0341539763528358e-01
3.0359744474534933e-01
3.0378417444792727e-01
3.0397558229104304e-01
3.0417166371118720e-01
3.0437241403342363e-01
3.0457782847150128e-01
3.0478790212796786e-01
3.0500262999428718e-01
3.0522200695095814e-01
3.0544602776763685e-01
3.0567468710326151e-01
3.0590797950617943e-01
3.0614589941427750e-01
3.0638844115511421e-01
3.0663559894605541e-01
3.0688736689441182e-01
3.0714373899757974e-01
3.0740470914318413e-01
3.0767027110922407e-01
3.0794041856422161e-01
3.0821514506737230e-01
3.0849444406869886e-01
3.0877830890920732e-01
3.0906673282104613e-01
3.0935970892766695e-01
3.0965723024398883e-01
3.0995928967656511e-01
3.1026588002375188e-01
3.1057699397588029e-01
3.1089262411543034e-01
3.1121276291720812e-01
3.1153740274852482e-01
3.1186653586937929e-01
3.1220015443264187e-01
3.1253825048424205e-01
3.1288081596335782e-01
3.1322784270260795e-01
3.1357932242824660e-01
3.1393524676036078e-01
3.1429560721306993e-01
3.1466039519472855e-01
3.1502960200813068e-01
3.1540321885071726e-01
3.1578123681478643e-01
3.1616364688770560e-01
3.1655043995212606e-01
3.1694160678620098e-01
3.1733713806380481e-01
3.1773702435475570e-01
3.1814125612504052e-01
3.1854982373704199e-01
3.1896271744976845e-01
3.1937992741908638e-01
3.1980144369795449e-01
3.2022725623666171e-01
3.2065735488306613e-01
3.2109172938283731e-01
3.2153036937970070e-01
3.2197326441568458e-01
3.2242040393136939e-01
3.2287177726613969e-01
3.2332737365843767e-01
3.2378718224602071e-01
3.2425119206621944e-01
3.2471939205619971e-01
3.2519177105322594e-01
3.2566831779492778e-01
3.2614902091956793e-01
3.2663386896631363e-01
3.2712285037550964e-01
3.2761595348895378e-01
3.2811316655017508e-01
3.2861447770471397e-01
3.2911987500040474e-01
3.2962934638766100e-01
3.3014287971976231e-01
3.3066046275314442e-01
3.3118208314769054e-01
3.3170772846702612e-01
3.3223738617881515e-01
3.3277104365505861e-01
3.3330868817239623e-01
3.3385030691240913e-01
3.3439588696192613e-01
3.3494541531333083e-01
3.3549887886487256e-01
3.3605626442097813e-01
3.3661755869256671e-01
3.3718274829736655e-01
3.3775181976023427e-01
3.3832475951347585e-01
3.3890155389717025e-01
3.3948218915949502e-01
3.4006665145705423e-01
3.4065492685520854e-01
3.4124700132840735e-01
3.4184286076052328e-01
3.4244249094518864e-01
3.4304587758613408e-01
3.4365300629752971e-01
3.4426386260432784e-01
3.4487843194260803e-01
3.4549669965992469e-01
3.4611865101565592e-01
3.4674427118135537e-01
3.4737354524110564e-01
3.4800645819187370e-01
3.4864299494386897e-01
3.4928314032090280e-01
3.4992687906075043e-01
3.5057419581551474e-01
3.5122507515199225e-01
3.5187950155204117e-01
3.5253745941295134e-01
3.5319893304781602e-01
3.5386390668590617e-01
3.5453236447304620e-01
3.5520429047199231e-01
3.5587966866281207e-01
3.5655848294326664e-01
3.5724071712919458e-01
3.5792635495489755e-01
3.5861538007352861e-01
3.5930777605748132e-01
3.6000352639878175e-01
3.6070261450948216e-01
3.6140502372205630e-01
3.6211073728979670e-01
3.6281973838721421e-01
3.6353201011043901e-01
3.6424753547762367e-01
3.6496629742934794e-01
3.6568827882902544e-01
3.6641346246331252e-01
3.6714183104251830e-01
3.6787336720101715e-01
3.6860805349766257e-01
3.6934587241620309e-01
3.7008680636569979e-01
3.7083083768094594e-01
3.7157794862288773e-01
3.7232812137904769e-01
3.7308133806394916e-01
3.7383758071954254e-01
3.7459683131563370e-01
3.7535907175031391e-01
3.7612428385039109e-01
3.7689244937182326e-01
3.7766355000015361e-01
3.7843756735094713e-01
3.7921448297022869e-01
3.7999427833492333e-01
3.8077693485329772e-01
3.8156243386540345e-01
3.8235075664352181e-01
3.8314188439261054e-01
3.8393579825075175e-01
3.8473247928960158e-01
3.8553190851484170e-01
3.8633406686663196e-01
3.8713893522006493e-01
3.8794649438562179e-01
3.8875672510962994e-01
3.8956960807472191e-01
3.9038512390029612e-01
3.9120325314297877e-01
3.9202397629708741e-01
3.9284727379509610e-01
3.9367312600810184e-01
3.9450151324629273e-01
3.9533241575941713e-01
3.9616581373725474e-01
3.9700168731008889e-01
3.9784001654918016e-01
3.9868078146724173e-01
3.9952396201891566e-01
4.0036953810125103e-01
4.0121748955418307e-01
4.0206779616101390e-01
4.0292043764889451e-01
4.0377539368930804e-01
4.0463264389855458e-01
4.0549216783823705e-01
4.0635394501574856e-01
4.0721795488476087e-01
4.0808417684571435e-01
4.0895259024630926e-01
4.0982317438199767e-01
4.1069590849647764e-01
4.1157077178218771e-01
4.1244774338080326e-01
4.1332680238373354e-01
4.1420792783262028e-01
4.1509109871983757e-01
4.1597629398899238e-01
4.1686349253542687e-01
4.1775267320672127e-01
4.1864381480319862e-01
4.1953689607842970e-01
4.2043189573974005e-01
4.2132879244871724e-01
4.2222756482171980e-01
4.2312819143038727e-01
4.2403065080215052e-01
4.2493492142074424e-01
4.2584098172671969e-01
4.2674881011795868e-01
4.2765838495018871e-01
4.2856968453749900e-01
4.2948268715285737e-01
4.3039737102862846e-01
4.3131371435709265e-01
4.3223169529096589e-01
4.3315129194392066e-01
4.3407248239110779e-01
4.3499524466967915e-01
4.3591955677931138e-01
4.3684539668273020e-01
4.3777274230623608e-01
4.3870157154023037e-01
4.3963186223974249e-01
4.4056359222495772e-01
4.4149673928174638e-01
4.4243128116219310e-01
4.4336719558512738e-01
4.4430446023665493e-01
4.4524305277068948e-01
4.4618295080948567e-01
4.4712413194417244e-01
4.4806657373528769e-01
4.4901025371331260e-01
4.4995514937920800e-01
4.5090123820495043e-01
4.5184849763406937e-01
4.5279690508218495e-01
4.5374643793754654e-01
4.5469707356157163e-01
4.5564878928938579e-01
4.5660156243036298e-01
4.5755537026866649e-01
4.5851019006379046e-01
4.5946599905110236e-01
4.6042277444238533e-01
4.6138049342638177e-01
4.6233913316933706e-01
4.6329867081554416e-01
4.6425908348788830e-01
4.6522034828839243e-01
4.6618244229876332e-01
4.6714534258093793e-01
4.6810902617763006e-01
4.6907347011287803e-01
4.7003865139259227e-01
4.7100454700510352e-01
4.7197113392171164e-01
4.7293838909723446e-01
4.7390628947055735e-01
4.7487481196518300e-01
4.7584393348978155e-01
4.7681363093874124e-01
4.7778388119271925e-01
4.7875466111919279e-01
4.7972594757301079e-01
4.8069771739694567e-01
4.8166994742224534e-01
4.8264261446918577e-01
4.8361569534762355e-01
4.8458916685754866e-01
4.8556300578963785e-01
4.8653718892580777e-01
4.8751169303976866e-01
4.8848649489757806e-01
4.8946157125819478e-01
4.9043689887403297e-01
4.9141245449151638e-01
4.9238821485163281e-01
4.9336415669048861e-01
4.9434025673986343e-01
4.9531649172776471e-01
4.9629283837898291e-01
4.9726927341564608e-01
4.9824577355777516e-01
4.9922231552383872e-01
